1	1
2	2
3	3
4	4
5	5
6	6
7	7
8	8
9	9
10	10
11	11
12	12
13	13
14	14
15	15
16	16
17	17
18	18
19	19
20	20
21	21
22	11
23	22
24	10
25	23
26	6
27	24
28	25
29	1
30	26
31	27
32	28
33	4
34	29
35	30
36	26
37	9
38	31
39	25
40	32
41	33
42	8
43	4
44	34
45	1
46	35
47	36
48	2
49	37
50	32
51	9
52	38
53	33
54	39
55	40
56	21
57	31
58	9
59	41
60	42
61	33
62	28
63	43
64	23
65	44
66	11
67	26
68	45
69	39
70	45
71	46
72	47
73	48
74	16
75	44
76	34
77	7
78	4
79	49
80	50
81	50
82	9
83	51
84	16
85	21
86	26
87	41
88	51
89	32
90	44
91	52
92	51
93	53
94	54
95	21
96	38
97	48
98	55
99	9
100	41
101	3
102	22
103	53
104	44
105	3
106	28
107	38
108	4
109	15
110	56
111	31
112	8
113	19
114	4
115	3
116	19
117	57
118	1
119	55
120	37
121	14
122	4
123	5
124	33
125	57
126	51
127	34
128	20
129	6
130	45
131	55
132	18
133	27
134	51
135	23
136	37
137	58
138	9
139	55
140	37
141	20
142	59
143	3
144	60
145	48
146	61
147	23
148	23
149	26
150	35
151	15
152	62
153	7
154	63
155	64
156	7
157	37
158	45
159	56
160	7
161	55
162	58
163	36
164	48
165	9
166	52
167	22
168	20
169	54
170	61
171	23
172	65
173	21
174	63
175	4
176	40
177	38
178	66
179	67
180	55
181	43
182	68
183	51
184	11
185	65
186	44
187	66
188	30
189	54
190	61
191	69
192	11
193	17
194	66
195	60
196	11
197	54
198	69
199	22
200	8
201	20
202	8
203	51
204	62
205	51
206	20
207	68
208	61
209	3
210	1
211	56
212	27
213	2
214	64
215	67
216	51
217	7
218	21
219	4
220	64
221	54
222	11
223	70
224	57
225	54
226	70
227	5
228	21
229	44
230	37
231	61
232	2
233	30
234	36
235	13
236	44
237	64
238	9
239	11
240	71
241	26
242	2
243	16
244	13
245	8
246	24
247	26
248	44
249	4
250	24
251	15
252	7
253	23
254	15
255	59
256	26
257	55
258	64
259	21
260	53
261	29
262	13
263	31
264	29
265	5
266	10
267	42
268	64
269	55
270	20
271	61
272	15
273	51
274	22
275	70
276	61
277	34
278	2
279	72
280	24
281	8
282	41
283	62
284	62
285	32
286	65
287	61
288	1
289	43
290	43
291	36
292	48
293	48
294	70
295	23
296	7
297	4
298	9
299	39
300	4
301	29
302	57
303	62
304	26
305	55
306	63
307	40
308	20
309	15
310	47
311	27
312	44
313	41
314	32
315	10
316	4
317	51
318	55
319	54
320	51
321	54
322	71
323	20
324	6
325	43
326	64
327	14
328	1
329	37
330	24
331	8
332	1
333	73
334	60
335	50
336	55
337	5
338	37
339	48
340	24
341	40
342	47
343	8
344	63
345	59
346	3
347	59
348	30
349	43
350	63
351	51
352	40
353	41
354	6
355	48
356	54
357	36
358	33
359	26
360	62
361	55
362	48
363	13
364	63
365	30
366	3
367	1
368	69
369	45
370	55
371	15
372	49
373	8
374	67
375	61
376	8
377	72
378	54
379	45
380	29
381	24
382	27
383	51
384	30
385	6
386	64
387	6
388	20
389	60
390	61
391	29
392	27
393	67
394	8
395	40
396	28
397	4
398	29
399	57
400	67
401	67
402	47
403	26
404	19
405	23
406	18
407	24
408	67
409	24
410	67
411	25
412	29
413	7
414	59
415	18
416	48
417	2
418	56
419	44
420	59
421	43
422	4
423	54
424	6
425	32
426	73
427	15
428	45
429	11
430	25
431	6
432	48
433	1
434	51
435	62
436	11
437	61
438	51
439	9
440	39
441	59
442	73
443	65
444	67
445	63
446	33
447	68
448	2
449	64
450	70
451	3
452	7
453	17
454	43
455	16
456	11
457	25
458	61
459	48
460	9
461	50
462	2
463	43
464	39
465	51
466	36
467	14
468	28
469	39
470	48
471	2
472	11
473	54
474	28
475	70
476	36
477	7
478	7
479	28
480	37
481	5
482	21
483	23
484	1
485	33
486	40
487	51
488	62
489	61
490	48
491	2
492	7
493	20
494	51
495	67
496	26
497	3
498	7
499	29
500	43
501	48
502	59
503	67
504	71
505	64
506	51
507	61
508	55
509	3
510	70
511	39
512	11
513	45
514	71
515	28
516	43
517	62
518	22
519	7
520	16
521	26
522	6
523	74
524	67
525	39
526	33
527	9
528	56
529	48
530	2
531	48
532	19
533	66
534	18
535	37
536	4
537	70
538	28
539	6
540	29
541	57
542	20
543	64
544	32
545	37
546	71
547	4
548	7
549	59
550	71
551	47
552	47
553	7
554	59
555	51
556	70
557	24
558	50
559	29
560	44
561	67
562	37
563	44
564	71
565	2
566	26
567	59
568	23
569	9
570	51
571	41
572	19
573	23
574	71
575	23
576	51
577	30
578	54
579	4
580	6
581	14
582	67
583	47
584	42
585	4
586	3
587	25
588	7
589	47
590	4
591	68
592	62
593	51
594	32
595	51
596	47
597	7
598	47
599	47
600	2
601	35
602	6
603	61
604	65
605	15
606	3
607	30
608	55
609	51
610	26
611	51
612	46
613	5
614	5
615	53
616	22
617	45
618	48
619	48
620	36
621	51
622	2
623	22
624	51
625	56
626	56
627	47
628	4
629	50
630	2
631	37
632	48
633	67
634	67
635	7
636	54
637	30
638	5
639	68
640	61
641	45
642	5
643	48
644	57
645	43
646	40
647	71
648	59
649	2
650	6
651	17
652	61
653	33
654	45
655	53
656	8
657	54
658	60
659	8
660	19
661	9
662	56
663	47
664	58
665	55
666	20
667	9
668	64
669	51
670	3
671	12
672	6
673	20
674	55
675	62
676	55
677	29
678	64
679	64
680	32
681	30
682	65
683	29
684	15
685	57
686	58
687	6
688	37
689	6
690	26
691	9
692	28
693	66
694	51
695	61
696	6
697	38
698	64
699	8
700	59
701	11
702	71
703	44
704	7
705	4
706	62
707	8
708	19
709	58
710	51
711	28
712	30
713	5
714	36
715	67
716	48
717	9
718	4
719	31
720	20
721	27
722	58
723	66
724	26
725	4
726	36
727	53
728	43
729	26
730	9
731	39
732	9
733	48
734	16
735	71
736	21
737	62
738	1
739	59
740	9
741	1
742	8
743	1
744	66
745	54
746	15
747	64
748	56
749	29
750	48
751	26
752	63
753	8
754	4
755	12
756	6
757	26
758	54
759	51
760	21
761	26
762	62
763	36
764	40
765	9
766	45
767	29
768	27
769	9
770	4
771	64
772	4
773	45
774	43
775	1
776	1
777	6
778	48
779	67
780	20
781	21
782	62
783	64
784	74
785	29
786	75
787	71
788	20
789	2
790	4
791	26
792	59
793	34
794	47
795	1
796	8
797	28
798	49
799	48
800	72
801	55
802	20
803	34
804	24
805	48
806	9
807	59
808	62
809	73
810	28
811	70
812	37
813	44
814	51
815	6
816	63
817	23
818	1
819	21
820	59
821	37
822	26
823	7
824	67
825	51
826	58
827	25
828	9
829	63
830	45
831	54
832	57
833	26
834	40
835	47
836	51
837	59
838	57
839	32
840	7
841	29
842	62
843	59
844	48
845	59
846	50
847	4
848	6
849	59
850	28
851	15
852	23
853	8
854	55
855	37
856	54
857	76
858	15
859	61
860	63
861	54
862	24
863	60
864	13
865	25
866	16
867	63
868	57
869	51
870	64
871	51
872	29
873	48
874	62
875	5
876	33
877	62
878	61
879	62
880	43
881	3
882	4
883	53
884	63
885	59
886	67
887	4
888	4
889	26
890	24
891	18
892	5
893	26
894	5
895	40
896	54
897	41
898	28
899	70
900	18
901	61
902	51
903	41
904	32
905	5
906	40
907	6
908	62
909	28
910	44
911	67
912	55
913	8
914	67
915	10
916	69
917	3
918	1
919	48
920	1
921	51
922	62
923	19
924	54
925	53
926	41
927	25
928	23
929	51
930	19
931	43
932	51
933	64
934	6
935	61
936	51
937	44
938	43
939	39
940	6
941	70
942	40
943	24
944	59
945	20
946	63
947	55
948	43
949	22
950	59
951	3
952	6
953	15
954	73
955	59
956	16
957	4
958	11
959	50
960	30
961	43
962	67
963	54
964	2
965	46
966	61
967	54
968	62
969	54
970	3
971	43
972	29
973	48
974	48
975	1
976	54
977	62
978	8
979	2
980	30
981	2
982	47
983	8
984	3
985	39
986	70
987	73
988	3
989	2
990	64
991	3
992	71
993	3
994	7
995	37
996	3
997	59
998	48
999	67
1000	71
1001	47
1002	3
1003	67
1004	24
1005	51
1006	74
1007	20
1008	47
1009	4
1010	76
1011	60
1012	60
1013	2
1014	27
1015	71
1016	48
1017	47
1018	62
1019	21
1020	16
1021	67
1022	59
1023	60
1024	67
1025	7
1026	47
1027	22
1028	22
1029	27
1030	28
1031	66
1032	54
1033	31
1034	26
1035	71
1036	4
1037	49
1038	65
1039	37
1040	35
1041	35
1042	64
1043	3
1044	70
1045	36
1046	43
1047	20
1048	26
1049	29
1050	39
1051	3
1052	11
1053	13
1054	20
1055	32
1056	35
1057	64
1058	42
1059	24
1060	2
1061	47
1062	39
1063	32
1064	67
1065	68
1066	57
1067	14
1068	5
1069	3
1070	18
1071	6
1072	7
1073	74
1074	49
1075	35
1076	33
1077	4
1078	1
1079	52
1080	14
1081	43
1082	40
1083	2
1084	4
1085	38
1086	11
1087	7
1088	46
1089	35
1090	21
1091	64
1092	63
1093	50
1094	39
1095	51
1096	49
1097	39
1098	40
1099	20
1100	40
1101	4
1102	6
1103	2
1104	6
1105	4
1106	59
1107	54
1108	39
1109	44
1110	7
1111	34
1112	63
1113	35
1114	36
1115	71
1116	39
1117	6
1118	55
1119	51
1120	11
1121	43
1122	20
1123	41
1124	58
1125	46
1126	33
1127	35
1128	15
1129	44
1130	6
1131	71
1132	15
1133	4
1134	51
1135	39
1136	15
1137	66
1138	22
1139	4
1140	3
1141	6
1142	8
1143	43
1144	30
1145	8
1146	59
1147	22
1148	61
1149	7
1150	61
1151	5
1152	8
1153	33
1154	54
1155	14
1156	48
1157	39
1158	6
1159	7
1160	19
1161	4
1162	8
1163	41
1164	25
1165	53
1166	30
1167	41
1168	3
1169	53
1170	61
1171	30
1172	1
1173	51
1174	7
1175	54
1176	58
1177	19
1178	20
1179	10
1180	15
1181	27
1182	60
1183	64
1184	51
1185	21
1186	29
1187	38
1188	62
1189	4
1190	64
1191	4
1192	51
1193	4
1194	13
1195	39
1196	67
1197	47
1198	11
1199	7
1200	29
1201	6
1202	51
1203	4
1204	71
1205	29
1206	46
1207	31
1208	20
1209	76
1210	51
1211	4
1212	61
1213	38
1214	8
1215	9
1216	44
1217	20
1218	14
1219	65
1220	2
1221	11
1222	51
1223	8
1224	4
1225	30
1226	20
1227	38
1228	70
1229	47
1230	59
1231	37
1232	8
1233	51
1234	48
1235	20
1236	48
1237	36
1238	56
1239	24
1240	4
1241	4
1242	4
1243	55
1244	11
1245	61
1246	60
1247	59
1248	1
1249	8
1250	48
1251	9
1252	65
1253	54
1254	6
1255	54
1256	15
1257	75
1258	67
1259	64
1260	55
1261	43
1262	48
1263	12
1264	39
1265	72
1266	4
1267	6
1268	67
1269	62
1270	42
1271	51
1272	55
1273	8
1274	33
1275	26
1276	8
1277	39
1278	12
1279	54
1280	62
1281	36
1282	4
1283	61
1284	21
1285	70
1286	54
1287	59
1288	15
1289	44
1290	44
1291	49
1292	62
1293	71
1294	8
1295	60
1296	58
1297	24
1298	51
1299	48
1300	39
1301	75
1302	47
1303	6
1304	34
1305	35
1306	16
1307	8
1308	11
1309	15
1310	20
1311	57
1312	11
1313	49
1314	40
1315	24
1316	34
1317	52
1318	26
1319	25
1320	4
1321	51
1322	6
1323	34
1324	27
1325	24
1326	59
1327	28
1328	52
1329	21
1330	54
1331	1
1332	71
1333	70
1334	32
1335	32
1336	3
1337	51
1338	35
1339	35
1340	59
1341	20
1342	62
1343	52
1344	48
1345	2
1346	51
1347	8
1348	37
1349	62
1350	26
1351	14
1352	59
1353	26
1354	61
1355	33
1356	54
1357	6
1358	55
1359	62
1360	37
1361	71
1362	6
1363	35
1364	52
1365	62
1366	8
1367	59
1368	69
1369	71
1370	62
1371	21
1372	36
1373	24
1374	46
1375	38
1376	53
1377	38
1378	70
1379	32
1380	32
1381	4
1382	3
1383	59
1384	53
1385	51
1386	13
1387	34
1388	6
1389	18
1390	31
1391	4
1392	64
1393	29
1394	3
1395	29
1396	48
1397	61
1398	41
1399	24
1400	67
1401	4
1402	8
1403	29
1404	61
1405	48
1406	6
1407	50
1408	42
1409	48
1410	3
1411	1
1412	47
1413	4
1414	8
1415	62
1416	6
1417	10
1418	3
1419	54
1420	54
1421	8
1422	6
1423	28
1424	11
1425	10
1426	51
1427	39
1428	4
1429	37
1430	59
1431	50
1432	51
1433	58
1434	54
1435	2
1436	6
1437	60
1438	48
1439	57
1440	67
1441	1
1442	62
1443	62
1444	64
1445	73
1446	49
1447	6
1448	36
1449	67
1450	8
1451	51
1452	3
1453	59
1454	23
1455	62
1456	63
1457	68
1458	6
1459	43
1460	3
1461	7
1462	51
1463	4
1464	1
1465	37
1466	3
1467	20
1468	66
1469	53
1470	7
1471	32
1472	62
1473	67
1474	1
1475	32
1476	8
1477	49
1478	2
1479	21
1480	17
1481	16
1482	14
1483	36
1484	39
1485	54
1486	4
1487	62
1488	73
1489	47
1490	67
1491	8
1492	28
1493	74
1494	39
1495	66
1496	51
1497	54
1498	59
1499	67
1500	31
1501	14
1502	36
1503	39
1504	36
1505	51
1506	25
1507	53
1508	47
1509	22
1510	4
1511	48
1512	47
1513	48
1514	6
1515	62
1516	3
1517	59
1518	6
1519	43
1520	60
1521	24
1522	54
1523	62
1524	3
1525	8
1526	20
1527	22
1528	3
1529	7
1530	47
1531	39
1532	71
1533	15
1534	6
1535	56
1536	47
1537	60
1538	14
1539	60
1540	46
1541	30
1542	20
1543	27
1544	15
1545	11
1546	27
1547	67
1548	19
1549	2
1550	71
1551	64
1552	6
1553	76
1554	64
1555	37
1556	47
1557	7
1558	3
1559	71
1560	67
1561	47
1562	3
1563	7
1564	33
1565	43
1566	27
1567	12
1568	6
1569	60
1570	4
1571	51
1572	15
1573	20
1574	34
1575	52
1576	7
1577	36
1578	59
1579	12
1580	51
1581	29
1582	47
1583	68
1584	9
1585	71
1586	59
1587	19
1588	2
1589	63
1590	58
1591	4
1592	61
1593	43
1594	4
1595	6
1596	40
1597	2
1598	58
1599	54
1600	35
1601	8
1602	14
1603	47
1604	67
1605	55
1606	44
1607	15
1608	62
1609	4
1610	4
1611	39
1612	55
1613	4
1614	6
1615	11
1616	75
1617	23
1618	6
1619	5
1620	41
1621	4
1622	2
1623	6
1624	43
1625	55
1626	49
1627	2
1628	74
1629	37
1630	41
1631	14
1632	45
1633	4
1634	47
1635	6
1636	43
1637	48
1638	58
1639	31
1640	59
1641	16
1642	54
1643	39
1644	48
1645	62
1646	62
1647	39
1648	63
1649	43
1650	28
1651	24
1652	5
1653	38
1654	57
1655	44
1656	15
1657	4
1658	20
1659	75
1660	44
1661	44
1662	43
1663	54
1664	3
1665	54
1666	55
1667	6
1668	47
1669	43
1670	28
1671	56
1672	71
1673	48
1674	59
1675	4
1676	24
1677	13
1678	40
1679	30
1680	60
1681	54
1682	7
1683	45
1684	15
1685	71
1686	35
1687	6
1688	47
1689	74
1690	39
1691	22
1692	66
1693	57
1694	74
1695	20
1696	44
1697	50
1698	47
1699	8
1700	47
1701	23
1702	27
1703	4
1704	59
1705	62
1706	42
1707	15
1708	54
1709	11
1710	66
1711	63
1712	54
1713	39
1714	41
1715	11
1716	59
1717	37
1718	51
1719	70
1720	39
1721	62
1722	23
1723	59
1724	51
1725	43
1726	71
1727	43
1728	7
1729	8
1730	4
1731	71
1732	62
1733	4
1734	24
1735	48
1736	48
1737	51
1738	4
1739	51
1740	53
1741	48
1742	15
1743	62
1744	23
1745	23
1746	20
1747	48
1748	27
1749	48
1750	6
1751	8
1752	6
1753	51
1754	62
1755	1
1756	31
1757	44
1758	59
1759	54
1760	55
1761	25
1762	24
1763	54
1764	76
1765	4
1766	8
1767	11
1768	54
1769	75
1770	45
1771	62
1772	4
1773	59
1774	22
1775	59
1776	1
1777	4
1778	62
1779	8
1780	38
1781	48
1782	51
1783	20
1784	9
1785	42
1786	36
1787	48
1788	17
1789	55
1790	14
1791	48
1792	16
1793	59
1794	26
1795	36
1796	29
1797	51
1798	33
1799	59
1800	7
1801	43
1802	70
1803	58
1804	59
1805	49
1806	54
1807	28
1808	26
1809	62
1810	24
1811	28
1812	21
1813	72
1814	51
1815	8
1816	6
1817	4
1818	28
1819	27
1820	52
1821	29
1822	57
1823	48
1824	59
1825	3
1826	51
1827	62
1828	27
1829	36
1830	64
1831	4
1832	62
1833	8
1834	54
1835	59
1836	15
1837	54
1838	26
1839	52
1840	3
1841	38
1842	4
1843	34
1844	57
1845	39
1846	8
1847	66
1848	54
1849	62
1850	9
1851	4
1852	76
1853	6
1854	61
1855	15
1856	27
1857	25
1858	37
1859	1
1860	23
1861	51
1862	25
1863	48
1864	37
1865	58
1866	54
1867	3
1868	23
1869	6
1870	26
1871	59
1872	15
1873	26
1874	5
1875	58
1876	15
1877	37
1878	31
1879	51
1880	6
1881	37
1882	9
1883	29
1884	62
1885	20
1886	59
1887	6
1888	37
1889	51
1890	27
1891	50
1892	3
1893	58
1894	2
1895	59
1896	30
1897	48
1898	6
1899	54
1900	45
1901	56
1902	16
1903	6
1904	62
1905	45
1906	4
1907	54
1908	62
1909	55
1910	15
1911	3
1912	26
1913	54
1914	26
1915	21
1916	51
1917	37
1918	48
1919	54
1920	6
1921	6
1922	32
1923	6
1924	48
1925	54
1926	4
1927	67
1928	6
1929	6
1930	2
1931	40
1932	69
1933	64
1934	13
1935	26
1936	67
1937	4
1938	8
1939	26
1940	1
1941	48
1942	65
1943	22
1944	35
1945	54
1946	1
1947	53
1948	50
1949	52
1950	67
1951	59
1952	39
1953	48
1954	62
1955	7
1956	54
1957	48
1958	48
1959	54
1960	64
1961	43
1962	45
1963	51
1964	6
1965	51
1966	28
1967	25
1968	55
1969	70
1970	70
1971	54
1972	8
1973	64
1974	4
1975	32
1976	37
1977	63
1978	45
1979	73
1980	38
1981	6
1982	28
1983	48
1984	43
1985	59
1986	43
1987	64
1988	51
1989	20
1990	67
1991	30
1992	2
1993	39
1994	9
1995	61
1996	39
1997	4
1998	39
1999	67
2000	61
2001	59
2002	62
2003	67
2004	41
2005	3
2006	48
2007	66
2008	67
2009	62
2010	51
2011	43
2012	4
2013	4
2014	28
2015	8
2016	8
2017	43
2018	62
2019	71
2020	47
2021	2
2022	62
2023	20
2024	3
2025	48
2026	45
2027	48
2028	67
2029	61
2030	7
2031	19
2032	51
2033	43
2034	59
2035	39
2036	20
2037	51
2038	50
2039	67
2040	39
2041	8
2042	20
2043	59
2044	30
2045	65
2046	51
2047	43
2048	57
2049	27
2050	1
2051	17
2052	37
2053	42
2054	27
2055	65
2056	1
2057	43
2058	71
2059	30
2060	35
2061	20
2062	43
2063	54
2064	39
2065	47
2066	12
2067	64
2068	29
2069	42
2070	58
2071	7
2072	6
2073	8
2074	65
2075	66
2076	42
2077	6
2078	44
2079	67
2080	53
2081	43
2082	28
2083	4
2084	4
2085	53
2086	67
2087	47
2088	6
2089	71
2090	58
2091	44
2092	20
2093	2
2094	59
2095	27
2096	63
2097	4
2098	51
2099	47
2100	21
2101	39
2102	55
2103	7
2104	20
2105	59
2106	4
2107	4
2108	39
2109	20
2110	4
2111	28
2112	54
2113	11
2114	43
2115	14
2116	6
2117	54
2118	4
2119	27
2120	50
2121	56
2122	59
2123	51
2124	54
2125	50
2126	54
2127	6
2128	6
2129	62
2130	46
2131	47
2132	6
2133	59
2134	76
2135	54
2136	44
2137	6
2138	34
2139	54
2140	6
2141	43
2142	54
2143	14
2144	55
2145	4
2146	63
2147	48
2148	74
2149	20
2150	51
2151	69
2152	47
2153	51
2154	62
2155	44
2156	43
2157	6
2158	54
2159	8
2160	8
2161	55
2162	72
2163	19
2164	23
2165	48
2166	8
2167	62
2168	6
2169	4
2170	51
2171	47
2172	37
2173	38
2174	60
2175	15
2176	59
2177	50
2178	12
2179	54
2180	59
2181	3
2182	10
2183	54
2184	62
2185	6
2186	59
2187	62
2188	51
2189	2
2190	49
2191	54
2192	7
2193	64
2194	51
2195	71
2196	6
2197	51
2198	22
2199	48
2200	40
2201	2
2202	29
2203	8
2204	60
2205	62
2206	37
2207	29
2208	22
2209	4
2210	6
2211	19
2212	62
2213	55
2214	51
2215	55
2216	6
2217	8
2218	14
2219	59
2220	67
2221	6
2222	64
2223	51
2224	71
2225	47
2226	11
2227	56
2228	60
2229	69
2230	74
2231	51
2232	48
2233	55
2234	54
2235	16
2236	53
2237	54
2238	8
2239	22
2240	6
2241	1
2242	21
2243	56
2244	4
2245	75
2246	45
2247	54
2248	29
2249	69
2250	19
2251	9
2252	43
2253	9
2254	64
2255	4
2256	49
2257	66
2258	66
2259	8
2260	4
2261	50
2262	55
2263	48
2264	60
2265	51
2266	4
2267	29
2268	62
2269	62
2270	6
2271	29
2272	8
2273	47
2274	70
2275	47
2276	70
2277	8
2278	71
2279	8
2280	48
2281	59
2282	36
2283	34
2284	48
2285	48
2286	31
2287	36
2288	15
2289	5
2290	15
2291	59
2292	43
2293	62
2294	61
2295	72
2296	15
2297	62
2298	64
2299	11
2300	48
2301	1
2302	4
2303	4
2304	65
2305	41
2306	55
2307	65
2308	55
2309	54
2310	43
2311	51
2312	71
2313	48
2314	6
2315	42
2316	36
2317	15
2318	59
2319	7
2320	46
2321	46
2322	51
2323	15
2324	54
2325	52
2326	70
2327	70
2328	31
2329	6
2330	47
2331	54
2332	6
2333	2
2334	31
2335	32
2336	36
2337	64
2338	3
2339	16
2340	6
2341	67
2342	35
2343	44
2344	32
2345	3
2346	13
2347	71
2348	3
2349	64
2350	48
2351	64
2352	4
2353	27
2354	26
2355	51
2356	3
2357	11
2358	6
2359	4
2360	62
2361	57
2362	21
2363	62
2364	62
2365	8
2366	8
2367	4
2368	51
2369	1
2370	44
2371	3
2372	54
2373	62
2374	36
2375	64
2376	45
2377	4
2378	3
2379	64
2380	61
2381	48
2382	41
2383	8
2384	23
2385	59
2386	70
2387	62
2388	55
2389	38
2390	20
2391	37
2392	48
2393	52
2394	13
2395	46
2396	54
2397	63
2398	59
2399	46
2400	32
2401	35
2402	51
2403	3
2404	62
2405	54
2406	5
2407	54
2408	11
2409	3
2410	58
2411	1
2412	7
2413	67
2414	76
2415	71
2416	3
2417	37
2418	60
2419	48
2420	51
2421	64
2422	3
2423	4
2424	67
2425	64
2426	67
2427	6
2428	70
2429	54
2430	51
2431	54
2432	4
2433	12
2434	31
2435	37
2436	59
2437	3
2438	74
2439	48
2440	36
2441	13
2442	16
2443	32
2444	30
2445	51
2446	41
2447	4
2448	48
2449	39
2450	64
2451	46
2452	9
2453	54
2454	4
2455	26
2456	6
2457	48
2458	48
2459	53
2460	21
2461	8
2462	62
2463	67
2464	49
2465	43
2466	59
2467	1
2468	7
2469	48
2470	3
2471	58
2472	48
2473	39
2474	8
2475	51
2476	9
2477	67
2478	51
2479	51
2480	59
2481	6
2482	39
2483	2
2484	20
2485	43
2486	43
2487	63
2488	74
2489	37
2490	3
2491	8
2492	66
2493	59
2494	59
2495	8
2496	25
2497	43
2498	6
2499	47
2500	60
2501	47
2502	2
2503	67
2504	3
2505	14
2506	43
2507	3
2508	38
2509	14
2510	47
2511	59
2512	57
2513	7
2514	4
2515	48
2516	67
2517	39
2518	8
2519	47
2520	70
2521	6
2522	71
2523	5
2524	50
2525	71
2526	67
2527	62
2528	35
2529	14
2530	67
2531	9
2532	55
2533	59
2534	46
2535	59
2536	51
2537	51
2538	43
2539	6
2540	66
2541	62
2542	32
2543	39
2544	8
2545	48
2546	59
2547	39
2548	2
2549	4
2550	1
2551	54
2552	59
2553	2
2554	51
2555	73
2556	43
2557	42
2558	47
2559	54
2560	19
2561	11
2562	27
2563	42
2564	15
2565	43
2566	27
2567	70
2568	1
2569	6
2570	27
2571	6
2572	70
2573	28
2574	58
2575	12
2576	6
2577	30
2578	23
2579	2
2580	18
2581	20
2582	16
2583	66
2584	27
2585	6
2586	15
2587	28
2588	56
2589	9
2590	30
2591	38
2592	33
2593	27
2594	42
2595	71
2596	66
2597	68
2598	7
2599	37
2600	3
2601	27
2602	67
2603	30
2604	20
2605	17
2606	24
2607	47
2608	6
2609	4
2610	15
2611	37
2612	6
2613	71
2614	20
2615	6
2616	10
2617	4
2618	6
2619	26
2620	30
2621	57
2622	50
2623	47
2624	43
2625	12
2626	51
2627	59
2628	59
2629	59
2630	6
2631	15
2632	54
2633	4
2634	5
2635	41
2636	34
2637	54
2638	67
2639	21
2640	48
2641	33
2642	57
2643	64
2644	48
2645	67
2646	21
2647	15
2648	44
2649	4
2650	48
2651	51
2652	13
2653	45
2654	2
2655	48
2656	6
2657	63
2658	6
2659	43
2660	15
2661	20
2662	43
2663	51
2664	59
2665	62
2666	2
2667	60
2668	59
2669	71
2670	71
2671	48
2672	4
2673	4
2674	31
2675	62
2676	8
2677	59
2678	41
2679	51
2680	26
2681	2
2682	8
2683	28
2684	4
2685	62
2686	29
2687	44
2688	47
2689	62
2690	21
2691	48
2692	8
2693	19
2694	8
2695	47
2696	29
2697	8
2698	60
2699	67
2700	55
2701	44
2702	20
2703	8
2704	36
2705	40
2706	62
2707	71
2708	4
2709	41
2710	62
2711	22
2712	8
2713	56
2714	54
2715	32
2716	28
2717	56
2718	20
2719	48
2720	60
2721	44
2722	4
2723	13
2724	4
2725	18
2726	8
2727	8
2728	41
2729	58
2730	3
2731	35
2732	76
2733	59
2734	62
2735	8
2736	55
2737	44
2738	67
2739	54
2740	62
2741	51
2742	70
2743	4
2744	6
2745	71
2746	29
2747	59
2748	59
2749	47
2750	4
2751	54
2752	25
2753	64
2754	27
2755	48
2756	44
2757	1
2758	2
2759	14
2760	2
2761	8
2762	36
2763	36
2764	24
2765	29
2766	59
2767	22
2768	70
2769	8
2770	11
2771	48
2772	48
2773	61
2774	24
2775	62
2776	48
2777	60
2778	72
2779	6
2780	48
2781	36
2782	59
2783	71
2784	1
2785	67
2786	8
2787	54
2788	64
2789	6
2790	59
2791	20
2792	7
2793	54
2794	29
2795	45
2796	64
2797	26
2798	51
2799	75
2800	1
2801	56
2802	36
2803	43
2804	51
2805	8
2806	66
2807	62
2808	6
2809	54
2810	24
2811	62
2812	56
2813	59
2814	4
2815	45
2816	6
2817	44
2818	59
2819	15
2820	36
2821	21
2822	71
2823	55
2824	54
2825	44
2826	59
2827	48
2828	23
2829	74
2830	59
2831	64
2832	51
2833	6
2834	51
2835	21
2836	48
2837	62
2838	54
2839	4
2840	30
2841	51
2842	51
2843	29
2844	19
2845	8
2846	71
2847	24
2848	51
2849	4
2850	4
2851	6
2852	29
2853	3
2854	48
2855	17
2856	23
2857	62
2858	42
2859	4
2860	2
2861	68
2862	27
2863	66
2864	64
2865	24
2866	43
2867	62
2868	3
2869	58
2870	51
2871	26
2872	3
2873	7
2874	51
2875	30
2876	24
2877	6
2878	24
2879	18
2880	51
2881	8
2882	10
2883	54
2884	3
2885	28
2886	24
2887	41
2888	64
2889	15
2890	64
2891	71
2892	41
2893	40
2894	37
2895	2
2896	51
2897	8
2898	59
2899	8
2900	18
2901	28
2902	54
2903	4
2904	60
2905	2
2906	59
2907	48
2908	39
2909	15
2910	76
2911	3
2912	3
2913	24
2914	4
2915	23
2916	51
2917	1
2918	1
2919	58
2920	72
2921	50
2922	34
2923	1
2924	51
2925	5
2926	61
2927	28
2928	54
2929	59
2930	48
2931	67
2932	54
2933	59
2934	29
2935	4
2936	59
2937	53
2938	62
2939	19
2940	62
2941	62
2942	64
2943	51
2944	48
2945	75
2946	8
2947	15
2948	62
2949	8
2950	3
2951	64
2952	34
2953	26
2954	48
2955	54
2956	45
2957	48
2958	58
2959	8
2960	19
2961	61
2962	48
2963	62
2964	51
2965	18
2966	3
2967	48
2968	48
2969	32
2970	3
2971	8
2972	62
2973	7
2974	2
2975	6
2976	67
2977	7
2978	49
2979	61
2980	54
2981	42
2982	12
2983	4
2984	32
2985	58
2986	41
2987	3
2988	67
2989	11
2990	26
2991	4
2992	3
2993	8
2994	6
2995	4
2996	30
2997	51
2998	54
2999	67
3000	26
3001	55
3002	54
3003	57
3004	17
3005	44
3006	4
3007	8
3008	59
3009	43
3010	51
3011	62
3012	67
3013	4
3014	54
3015	30
3016	39
3017	6
3018	75
3019	51
3020	4
3021	1
3022	20
3023	51
3024	54
3025	43
3026	48
3027	59
3028	8
3029	50
3030	56
3031	43
3032	62
3033	43
3034	7
3035	62
3036	73
3037	40
3038	51
3039	48
3040	8
3041	16
3042	43
3043	41
3044	4
3045	20
3046	7
3047	39
3048	4
3049	66
3050	54
3051	43
3052	2
3053	36
3054	19
3055	4
3056	26
3057	43
3058	71
3059	27
3060	67
3061	24
3062	45
3063	43
3064	59
3065	51
3066	12
3067	27
3068	36
3069	55
3070	6
3071	65
3072	47
3073	43
3074	2
3075	31
3076	61
3077	39
3078	70
3079	66
3080	7
3081	6
3082	2
3083	19
3084	36
3085	47
3086	24
3087	6
3088	37
3089	10
3090	67
3091	3
3092	3
3093	71
3094	71
3095	74
3096	68
3097	71
3098	17
3099	37
3100	5
3101	26
3102	6
3103	44
3104	15
3105	71
3106	10
3107	67
3108	34
3109	8
3110	6
3111	4
3112	28
3113	71
3114	6
3115	67
3116	57
3117	19
3118	47
3119	44
3120	51
3121	44
3122	37
3123	58
3124	66
3125	7
3126	16
3127	51
3128	64
3129	43
3130	54
3131	32
3132	14
3133	39
3134	4
3135	73
3136	19
3137	15
3138	4
3139	14
3140	65
3141	54
3142	59
3143	27
3144	6
3145	58
3146	41
3147	32
3148	39
3149	48
3150	20
3151	32
3152	35
3153	71
3154	54
3155	59
3156	47
3157	48
3158	4
3159	39
3160	34
3161	62
3162	62
3163	20
3164	7
3165	48
3166	44
3167	62
3168	59
3169	3
3170	27
3171	53
3172	48
3173	76
3174	59
3175	6
3176	44
3177	26
3178	55
3179	23
3180	53
3181	8
3182	48
3183	53
3184	76
3185	51
3186	59
3187	8
3188	44
3189	6
3190	27
3191	2
3192	48
3193	6
3194	76
3195	6
3196	34
3197	45
3198	55
3199	8
3200	33
3201	4
3202	4
3203	8
3204	62
3205	62
3206	61
3207	67
3208	56
3209	51
3210	65
3211	53
3212	48
3213	62
3214	6
3215	61
3216	19
3217	48
3218	48
3219	59
3220	51
3221	7
3222	43
3223	48
3224	19
3225	22
3226	59
3227	44
3228	53
3229	8
3230	4
3231	3
3232	59
3233	6
3234	48
3235	10
3236	48
3237	59
3238	53
3239	6
3240	2
3241	48
3242	62
3243	20
3244	55
3245	54
3246	62
3247	6
3248	44
3249	51
3250	44
3251	64
3252	70
3253	4
3254	43
3255	29
3256	6
3257	22
3258	54
3259	12
3260	29
3261	55
3262	55
3263	15
3264	29
3265	66
3266	8
3267	27
3268	8
3269	22
3270	9
3271	46
3272	59
3273	68
3274	59
3275	62
3276	6
3277	35
3278	48
3279	34
3280	38
3281	24
3282	73
3283	59
3284	6
3285	68
3286	27
3287	24
3288	54
3289	61
3290	51
3291	4
3292	13
3293	64
3294	15
3295	4
3296	15
3297	21
3298	12
3299	8
3300	48
3301	36
3302	4
3303	7
3304	9
3305	21
3306	54
3307	6
3308	14
3309	62
3310	69
3311	18
3312	51
3313	71
3314	59
3315	36
3316	7
3317	6
3318	13
3319	8
3320	64
3321	17
3322	20
3323	8
3324	1
3325	29
3326	29
3327	6
3328	21
3329	54
3330	62
3331	20
3332	48
3333	48
3334	27
3335	24
3336	50
3337	59
3338	43
3339	74
3340	8
3341	24
3342	54
3343	6
3344	21
3345	10
3346	59
3347	44
3348	71
3349	9
3350	21
3351	41
3352	64
3353	48
3354	58
3355	64
3356	4
3357	15
3358	37
3359	9
3360	8
3361	70
3362	59
3363	4
3364	71
3365	31
3366	26
3367	6
3368	52
3369	4
3370	2
3371	62
3372	4
3373	4
3374	60
3375	55
3376	40
3377	48
3378	3
3379	59
3380	73
3381	59
3382	26
3383	34
3384	3
3385	1
3386	51
3387	51
3388	62
3389	48
3390	62
3391	57
3392	43
3393	6
3394	48
3395	57
3396	44
3397	49
3398	48
3399	53
3400	54
3401	26
3402	48
3403	3
3404	26
3405	48
3406	5
3407	32
3408	73
3409	62
3410	28
3411	48
3412	24
3413	4
3414	51
3415	41
3416	6
3417	56
3418	69
3419	25
3420	64
3421	48
3422	6
3423	3
3424	51
3425	48
3426	68
3427	26
3428	49
3429	21
3430	26
3431	46
3432	22
3433	24
3434	54
3435	6
3436	23
3437	3
3438	50
3439	55
3440	35
3441	31
3442	3
3443	28
3444	4
3445	60
3446	54
3447	19
3448	52
3449	28
3450	59
3451	36
3452	1
3453	24
3454	14
3455	28
3456	51
3457	4
3458	32
3459	6
3460	59
3461	42
3462	28
3463	1
3464	8
3465	6
3466	56
3467	26
3468	28
3469	6
3470	51
3471	51
3472	8
3473	4
3474	24
3475	6
3476	67
3477	6
3478	48
3479	9
3480	39
3481	70
3482	67
3483	39
3484	59
3485	10
3486	6
3487	30
3488	25
3489	18
3490	25
3491	48
3492	4
3493	52
3494	67
3495	29
3496	7
3497	51
3498	3
3499	39
3500	62
3501	41
3502	58
3503	54
3504	67
3505	49
3506	20
3507	54
3508	54
3509	70
3510	30
3511	20
3512	52
3513	51
3514	2
3515	70
3516	29
3517	8
3518	3
3519	51
3520	43
3521	60
3522	62
3523	20
3524	44
3525	4
3526	47
3527	47
3528	1
3529	2
3530	24
3531	62
3532	7
3533	34
3534	64
3535	54
3536	6
3537	7
3538	43
3539	11
3540	60
3541	39
3542	39
3543	47
3544	2
3545	39
3546	6
3547	38
3548	26
3549	20
3550	39
3551	20
3552	51
3553	54
3554	55
3555	6
3556	20
3557	71
3558	70
3559	3
3560	16
3561	36
3562	23
3563	48
3564	71
3565	28
3566	11
3567	24
3568	48
3569	59
3570	4
3571	59
3572	48
3573	51
3574	39
3575	52
3576	61
3577	64
3578	27
3579	57
3580	76
3581	49
3582	24
3583	71
3584	3
3585	63
3586	8
3587	21
3588	39
3589	47
3590	27
3591	59
3592	46
3593	65
3594	6
3595	33
3596	42
3597	39
3598	22
3599	10
3600	15
3601	67
3602	28
3603	70
3604	37
3605	20
3606	47
3607	48
3608	6
3609	28
3610	1
3611	4
3612	2
3613	7
3614	57
3615	9
3616	58
3617	68
3618	48
3619	36
3620	70
3621	43
3622	51
3623	6
3624	62
3625	67
3626	36
3627	2
3628	20
3629	44
3630	4
3631	51
3632	8
3633	47
3634	22
3635	67
3636	24
3637	76
3638	40
3639	3
3640	69
3641	66
3642	26
3643	7
3644	44
3645	69
3646	52
3647	2
3648	24
3649	51
3650	45
3651	15
3652	71
3653	71
3654	76
3655	7
3656	59
3657	6
3658	63
3659	44
3660	63
3661	37
3662	6
3663	63
3664	6
3665	48
3666	54
3667	48
3668	63
3669	26
3670	9
3671	15
3672	48
3673	51
3674	54
3675	47
3676	47
3677	36
3678	49
3679	63
3680	45
3681	35
3682	16
3683	66
3684	58
3685	6
3686	47
3687	6
3688	6
3689	67
3690	2
3691	51
3692	13
3693	4
3694	62
3695	55
3696	58
3697	62
3698	62
3699	5
3700	20
3701	65
3702	67
3703	48
3704	54
3705	47
3706	59
3707	37
3708	22
3709	6
3710	17
3711	2
3712	48
3713	76
3714	54
3715	4
3716	7
3717	4
3718	17
3719	29
3720	58
3721	43
3722	59
3723	51
3724	8
3725	56
3726	20
3727	62
3728	47
3729	6
3730	39
3731	8
3732	8
3733	2
3734	6
3735	62
3736	19
3737	19
3738	64
3739	21
3740	42
3741	4
3742	4
3743	62
3744	17
3745	39
3746	28
3747	62
3748	20
3749	54
3750	59
3751	71
3752	48
3753	62
3754	18
3755	54
3756	62
3757	61
3758	48
3759	8
3760	4
3761	46
3762	73
3763	53
3764	6
3765	65
3766	64
3767	19
3768	54
3769	62
3770	48
3771	54
3772	22
3773	8
3774	4
3775	39
3776	8
3777	69
3778	65
3779	38
3780	62
3781	54
3782	49
3783	75
3784	1
3785	15
3786	44
3787	45
3788	51
3789	56
3790	6
3791	51
3792	19
3793	51
3794	54
3795	8
3796	24
3797	8
3798	3
3799	59
3800	46
3801	4
3802	47
3803	59
3804	54
3805	9
3806	54
3807	22
3808	69
3809	44
3810	50
3811	24
3812	48
3813	4
3814	72
3815	8
3816	4
3817	54
3818	8
3819	20
3820	48
3821	12
3822	28
3823	22
3824	18
3825	59
3826	48
3827	8
3828	7
3829	20
3830	51
3831	48
3832	15
3833	62
3834	28
3835	51
3836	35
3837	24
3838	26
3839	15
3840	29
3841	59
3842	51
3843	76
3844	20
3845	44
3846	48
3847	4
3848	48
3849	46
3850	59
3851	36
3852	30
3853	28
3854	51
3855	36
3856	26
3857	43
3858	64
3859	7
3860	55
3861	72
3862	4
3863	48
3864	4
3865	48
3866	8
3867	34
3868	65
3869	40
3870	16
3871	41
3872	28
3873	54
3874	39
3875	24
3876	21
3877	51
3878	59
3879	58
3880	48
3881	54
3882	28
3883	6
3884	47
3885	48
3886	15
3887	37
3888	3
3889	1
3890	15
3891	59
3892	34
3893	44
3894	59
3895	62
3896	55
3897	43
3898	6
3899	40
3900	35
3901	62
3902	21
3903	62
3904	48
3905	48
3906	59
3907	41
3908	3
3909	75
3910	62
3911	54
3912	73
3913	59
3914	8
3915	51
3916	50
3917	70
3918	24
3919	34
3920	45
3921	3
3922	5
3923	6
3924	8
3925	8
3926	49
3927	36
3928	51
3929	51
3930	64
3931	8
3932	4
3933	8
3934	34
3935	44
3936	8
3937	48
3938	48
3939	58
3940	28
3941	8
3942	22
3943	52
3944	70
3945	4
3946	31
3947	53
3948	28
3949	48
3950	51
3951	3
3952	54
3953	33
3954	29
3955	21
3956	55
3957	37
3958	8
3959	6
3960	51
3961	37
3962	59
3963	51
3964	57
3965	48
3966	61
3967	8
3968	24
3969	44
3970	62
3971	19
3972	6
3973	48
3974	55
3975	59
3976	54
3977	22
3978	62
3979	54
3980	41
3981	3
3982	44
3983	6
3984	48
3985	48
3986	29
3987	48
3988	50
3989	23
3990	17
3991	41
3992	46
3993	7
3994	72
3995	53
3996	48
3997	59
3998	62
3999	50
4000	7
4001	58
4002	4
4003	2
4004	3
4005	75
4006	4
4007	8
4008	9
4009	67
4010	3
4011	54
4012	43
4013	24
4014	67
4015	29
4016	7
4017	7
4018	7
4019	38
4020	7
4021	70
4022	4
4023	3
4024	20
4025	19
4026	48
4027	7
4028	76
4029	39
4030	18
4031	3
4032	46
4033	54
4034	59
4035	39
4036	7
4037	61
4038	2
4039	26
4040	52
4041	59
4042	2
4043	63
4044	8
4045	67
4046	4
4047	7
4048	47
4049	67
4050	6
4051	63
4052	8
4053	53
4054	39
4055	48
4056	2
4057	3
4058	16
4059	19
4060	20
4061	71
4062	67
4063	43
4064	2
4065	67
4066	48
4067	70
4068	66
4069	2
4070	62
4071	67
4072	19
4073	6
4074	54
4075	62
4076	61
4077	21
4078	2
4079	29
4080	20
4081	67
4082	2
4083	3
4084	24
4085	73
4086	51
4087	21
4088	48
4089	43
4090	53
4091	51
4092	3
4093	37
4094	67
4095	54
4096	67
4097	54
4098	54
4099	67
4100	6
4101	61
4102	71
4103	64
4104	27
4105	43
4106	65
4107	41
4108	7
4109	33
4110	24
4111	15
4112	72
4113	11
4114	39
4115	67
4116	6
4117	25
4118	52
4119	37
4120	36
4121	29
4122	37
4123	10
4124	6
4125	65
4126	71
4127	25
4128	7
4129	21
4130	15
4131	71
4132	6
4133	15
4134	22
4135	20
4136	3
4137	6
4138	21
4139	21
4140	65
4141	19
4142	42
4143	55
4144	56
4145	57
4146	29
4147	4
4148	43
4149	47
4150	51
4151	26
4152	55
4153	15
4154	43
4155	62
4156	58
4157	43
4158	66
4159	39
4160	54
4161	63
4162	43
4163	51
4164	6
4165	4
4166	59
4167	41
4168	10
4169	69
4170	73
4171	40
4172	47
4173	60
4174	56
4175	50
4176	48
4177	51
4178	47
4179	59
4180	67
4181	50
4182	7
4183	52
4184	34
4185	51
4186	50
4187	22
4188	62
4189	50
4190	48
4191	50
4192	58
4193	71
4194	6
4195	24
4196	6
4197	73
4198	62
4199	5
4200	44
4201	41
4202	44
4203	44
4204	39
4205	62
4206	60
4207	20
4208	12
4209	4
4210	62
4211	6
4212	54
4213	51
4214	6
4215	4
4216	58
4217	51
4218	54
4219	58
4220	47
4221	59
4222	61
4223	72
4224	62
4225	62
4226	54
4227	57
4228	8
4229	47
4230	60
4231	6
4232	50
4233	56
4234	62
4235	44
4236	7
4237	54
4238	54
4239	20
4240	35
4241	6
4242	27
4243	15
4244	62
4245	67
4246	51
4247	61
4248	68
4249	44
4250	47
4251	6
4252	58
4253	71
4254	11
4255	9
4256	8
4257	62
4258	59
4259	56
4260	48
4261	4
4262	3
4263	15
4264	6
4265	17
4266	29
4267	54
4268	48
4269	4
4270	55
4271	17
4272	15
4273	70
4274	41
4275	62
4276	8
4277	61
4278	4
4279	70
4280	49
4281	6
4282	54
4283	59
4284	3
4285	49
4286	64
4287	54
4288	8
4289	39
4290	70
4291	44
4292	60
4293	48
4294	35
4295	43
4296	39
4297	4
4298	8
4299	15
4300	57
4301	72
4302	47
4303	6
4304	4
4305	4
4306	62
4307	8
4308	48
4309	8
4310	29
4311	8
4312	29
4313	51
4314	71
4315	61
4316	51
4317	6
4318	62
4319	36
4320	4
4321	59
4322	6
4323	75
4324	8
4325	6
4326	53
4327	54
4328	67
4329	59
4330	33
4331	4
4332	54
4333	6
4334	6
4335	26
4336	3
4337	62
4338	33
4339	51
4340	64
4341	8
4342	20
4343	75
4344	66
4345	30
4346	32
4347	24
4348	7
4349	49
4350	59
4351	31
4352	36
4353	34
4354	24
4355	48
4356	24
4357	51
4358	8
4359	48
4360	8
4361	44
4362	4
4363	7
4364	36
4365	4
4366	54
4367	66
4368	6
4369	24
4370	2
4371	4
4372	59
4373	4
4374	2
4375	51
4376	6
4377	51
4378	49
4379	66
4380	67
4381	4
4382	6
4383	4
4384	39
4385	62
4386	3
4387	44
4388	66
4389	25
4390	7
4391	57
4392	31
4393	11
4394	28
4395	59
4396	1
4397	71
4398	4
4399	6
4400	51
4401	51
4402	62
4403	36
4404	26
4405	35
4406	24
4407	59
4408	1
4409	16
4410	51
4411	64
4412	6
4413	59
4414	76
4415	54
4416	51
4417	54
4418	51
4419	45
4420	51
4421	4
4422	75
4423	62
4424	8
4425	9
4426	55
4427	4
4428	59
4429	11
4430	24
4431	9
4432	4
4433	5
4434	48
4435	59
4436	54
4437	62
4438	36
4439	43
4440	3
4441	60
4442	1
4443	57
4444	28
4445	62
4446	29
4447	49
4448	3
4449	74
4450	14
4451	55
4452	34
4453	44
4454	48
4455	72
4456	55
4457	41
4458	29
4459	54
4460	4
4461	37
4462	33
4463	36
4464	48
4465	51
4466	22
4467	56
4468	59
4469	45
4470	69
4471	51
4472	45
4473	36
4474	4
4475	64
4476	67
4477	8
4478	54
4479	45
4480	59
4481	42
4482	33
4483	3
4484	3
4485	69
4486	65
4487	3
4488	8
4489	67
4490	59
4491	1
4492	59
4493	44
4494	60
4495	24
4496	47
4497	74
4498	8
4499	48
4500	9
4501	67
4502	28
4503	51
4504	35
4505	48
4506	4
4507	23
4508	72
4509	8
4510	6
4511	67
4512	3
4513	39
4514	4
4515	59
4516	6
4517	3
4518	63
4519	54
4520	67
4521	42
4522	58
4523	39
4524	3
4525	59
4526	70
4527	39
4528	62
4529	62
4530	39
4531	52
4532	65
4533	6
4534	7
4535	39
4536	53
4537	62
4538	43
4539	8
4540	51
4541	41
4542	43
4543	7
4544	15
4545	20
4546	29
4547	63
4548	51
4549	43
4550	26
4551	48
4552	61
4553	37
4554	56
4555	51
4556	56
4557	47
4558	48
4559	16
4560	3
4561	36
4562	16
4563	48
4564	6
4565	51
4566	4
4567	3
4568	48
4569	67
4570	19
4571	22
4572	51
4573	6
4574	54
4575	48
4576	16
4577	64
4578	62
4579	6
4580	43
4581	4
4582	2
4583	27
4584	30
4585	3
4586	44
4587	61
4588	39
4589	3
4590	27
4591	21
4592	27
4593	47
4594	62
4595	7
4596	3
4597	57
4598	3
4599	54
4600	61
4601	3
4602	51
4603	17
4604	20
4605	7
4606	22
4607	2
4608	6
4609	9
4610	16
4611	67
4612	6
4613	15
4614	37
4615	7
4616	40
4617	58
4618	74
4619	35
4620	19
4621	15
4622	19
4623	37
4624	15
4625	31
4626	6
4627	27
4628	67
4629	68
4630	71
4631	71
4632	15
4633	47
4634	8
4635	42
4636	32
4637	16
4638	49
4639	56
4640	16
4641	12
4642	28
4643	49
4644	16
4645	21
4646	35
4647	68
4648	36
4649	39
4650	6
4651	2
4652	15
4653	51
4654	58
4655	17
4656	59
4657	74
4658	7
4659	71
4660	59
4661	51
4662	44
4663	57
4664	20
4665	59
4666	15
4667	43
4668	3
4669	69
4670	4
4671	36
4672	2
4673	39
4674	4
4675	53
4676	76
4677	70
4678	61
4679	66
4680	71
4681	48
4682	47
4683	52
4684	8
4685	51
4686	55
4687	26
4688	2
4689	59
4690	18
4691	68
4692	43
4693	6
4694	47
4695	48
4696	71
4697	20
4698	37
4699	54
4700	40
4701	54
4702	53
4703	67
4704	59
4705	48
4706	39
4707	31
4708	4
4709	48
4710	71
4711	75
4712	48
4713	57
4714	44
4715	60
4716	59
4717	54
4718	2
4719	37
4720	51
4721	3
4722	76
4723	48
4724	54
4725	41
4726	44
4727	20
4728	63
4729	4
4730	2
4731	8
4732	9
4733	57
4734	48
4735	8
4736	48
4737	44
4738	1
4739	29
4740	42
4741	48
4742	32
4743	59
4744	40
4745	54
4746	59
4747	39
4748	6
4749	63
4750	45
4751	58
4752	47
4753	51
4754	34
4755	10
4756	11
4757	53
4758	11
4759	11
4760	45
4761	51
4762	54
4763	51
4764	75
4765	49
4766	54
4767	60
4768	64
4769	8
4770	66
4771	2
4772	48
4773	11
4774	62
4775	48
4776	54
4777	47
4778	19
4779	1
4780	22
4781	51
4782	59
4783	62
4784	4
4785	55
4786	59
4787	64
4788	64
4789	29
4790	53
4791	34
4792	4
4793	62
4794	4
4795	48
4796	67
4797	38
4798	16
4799	46
4800	51
4801	4
4802	7
4803	51
4804	50
4805	62
4806	51
4807	59
4808	8
4809	51
4810	44
4811	1
4812	51
4813	24
4814	59
4815	48
4816	71
4817	27
4818	6
4819	54
4820	16
4821	43
4822	59
4823	39
4824	30
4825	51
4826	59
4827	59
4828	70
4829	1
4830	15
4831	16
4832	11
4833	64
4834	26
4835	59
4836	4
4837	59
4838	75
4839	27
4840	35
4841	62
4842	46
4843	2
4844	48
4845	59
4846	70
4847	29
4848	62
4849	28
4850	54
4851	47
4852	39
4853	64
4854	59
4855	76
4856	55
4857	56
4858	6
4859	72
4860	4
4861	21
4862	12
4863	55
4864	53
4865	50
4866	54
4867	7
4868	70
4869	59
4870	4
4871	12
4872	4
4873	51
4874	21
4875	71
4876	15
4877	60
4878	4
4879	59
4880	58
4881	9
4882	51
4883	1
4884	54
4885	54
4886	70
4887	68
4888	68
4889	6
4890	27
4891	69
4892	8
4893	59
4894	8
4895	59
4896	64
4897	71
4898	6
4899	51
4900	48
4901	4
4902	4
4903	23
4904	4
4905	51
4906	3
4907	55
4908	67
4909	57
4910	51
4911	8
4912	58
4913	51
4914	64
4915	4
4916	3
4917	48
4918	52
4919	15
4920	8
4921	74
4922	17
4923	22
4924	28
4925	35
4926	8
4927	43
4928	34
4929	32
4930	59
4931	48
4932	51
4933	41
4934	59
4935	57
4936	29
4937	29
4938	8
4939	28
4940	25
4941	76
4942	64
4943	4
4944	3
4945	48
4946	71
4947	75
4948	51
4949	36
4950	48
4951	51
4952	34
4953	72
4954	3
4955	8
4956	4
4957	38
4958	8
4959	29
4960	3
4961	6
4962	38
4963	13
4964	28
4965	8
4966	3
4967	3
4968	6
4969	3
4970	3
4971	11
4972	51
4973	56
4974	48
4975	50
4976	3
4977	71
4978	47
4979	8
4980	59
4981	59
4982	61
4983	44
4984	51
4985	54
4986	30
4987	51
4988	4
4989	51
4990	62
4991	72
4992	40
4993	55
4994	29
4995	67
4996	44
4997	59
4998	48
4999	34
5000	50
