1	1
2	2
3	3
4	4
5	5
6	3
7	6
8	7
9	8
10	9
11	10
12	11
13	12
14	1
15	11
16	4
17	13
18	5
19	5
20	14
21	7
22	15
23	4
24	16
25	17
26	5
27	18
28	19
29	20
30	21
31	22
32	12
33	2
34	23
35	20
36	24
37	25
38	9
39	7
40	20
41	12
42	26
43	23
44	25
45	7
46	24
47	3
48	27
49	3
50	20
51	5
52	2
53	11
54	5
55	4
56	28
57	3
58	29
59	15
60	28
61	3
62	30
63	20
64	26
65	7
66	9
67	16
68	7
69	12
70	20
71	5
72	15
73	1
74	22
75	12
76	27
77	17
78	7
79	19
80	24
81	31
82	9
83	5
84	18
85	25
86	5
87	5
88	14
89	22
90	5
91	4
92	7
93	32
94	5
95	13
96	5
97	24
98	33
99	22
100	27
101	27
102	1
103	15
104	16
105	6
106	33
107	8
108	20
109	33
110	31
111	12
112	12
113	27
114	4
115	14
116	16
117	28
118	2
119	13
120	20
121	5
122	7
123	32
124	21
125	33
126	7
127	33
128	14
129	26
130	1
131	17
132	31
133	7
134	11
135	28
136	13
137	15
138	33
139	5
140	20
141	16
142	10
143	26
144	10
145	6
146	24
147	21
148	7
149	33
150	11
151	32
152	19
153	28
154	20
155	1
156	5
157	24
158	10
159	25
160	18
161	24
162	3
163	24
164	12
165	19
166	24
167	1
168	29
169	12
170	23
171	9
172	16
173	5
174	13
175	26
176	7
177	23
178	5
179	1
180	1
181	16
182	3
183	5
184	23
185	29
186	24
187	1
188	27
189	29
190	29
191	5
192	23
193	5
194	22
195	3
196	5
197	5
198	27
199	16
200	25
201	12
202	23
203	1
204	17
205	6
206	24
207	10
208	34
209	15
210	26
211	5
212	24
213	24
214	7
215	17
216	35
217	29
218	15
219	13
220	6
221	24
222	23
223	17
224	23
225	15
226	3
227	17
228	33
229	33
230	28
231	25
232	15
233	29
234	36
235	12
236	24
237	34
238	23
239	29
240	16
241	17
242	12
243	13
244	8
245	15
246	12
247	1
248	31
249	5
250	31
251	12
252	8
253	15
254	5
255	4
256	23
257	14
258	13
259	5
260	16
261	2
262	8
263	15
264	1
265	8
266	10
267	30
268	36
269	24
270	23
271	32
272	22
273	28
274	8
275	15
276	1
277	5
278	23
279	8
280	5
281	8
282	34
283	26
284	5
285	7
286	5
287	13
288	29
289	20
290	7
291	8
292	12
293	15
294	16
295	13
296	12
297	24
298	25
299	35
300	24
301	5
302	26
303	29
304	8
305	22
306	5
307	8
308	16
309	8
310	31
311	10
312	8
313	27
314	13
315	27
316	26
317	33
318	20
319	15
320	6
321	20
322	15
323	32
324	8
325	36
326	32
327	12
328	20
329	5
330	13
331	17
332	20
333	8
334	5
335	10
336	13
337	29
338	36
339	36
340	16
341	14
342	24
343	5
344	17
345	23
346	17
347	35
348	13
349	30
350	8
351	16
352	37
353	6
354	27
355	20
356	22
357	13
358	10
359	8
360	8
361	5
362	14
363	33
364	1
365	29
366	20
367	8
368	8
369	34
370	27
371	36
372	19
373	22
374	28
375	3
376	27
377	23
378	13
379	4
380	20
381	28
382	20
383	8
384	5
385	36
386	5
387	11
388	31
389	3
390	36
391	13
392	24
393	8
394	29
395	32
396	19
397	11
398	5
399	31
400	2
401	1
402	10
403	7
404	18
405	15
406	22
407	7
408	1
409	8
410	5
411	19
412	8
413	23
414	8
415	1
416	22
417	13
418	33
419	31
420	3
421	12
422	36
423	23
424	16
425	1
426	13
427	33
428	20
429	21
430	3
431	2
432	13
433	1
434	27
435	33
436	33
437	12
438	13
439	34
440	27
441	25
442	8
443	29
444	33
445	29
446	27
447	7
448	9
449	29
450	32
451	13
452	15
453	29
454	5
455	36
456	27
457	37
458	15
459	13
460	15
461	23
462	13
463	8
464	10
465	36
466	15
467	13
468	35
469	27
470	26
471	18
472	13
473	1
474	9
475	5
476	24
477	13
478	5
479	36
480	8
481	16
482	8
483	15
484	20
485	18
486	24
487	13
488	16
489	33
490	29
491	7
492	5
493	8
494	16
495	24
496	8
497	22
498	23
499	15
500	24
501	23
502	29
503	8
504	33
505	23
506	13
507	5
508	8
509	8
510	13
511	23
512	33
513	9
514	5
515	15
516	23
517	15
518	32
519	24
520	10
521	13
522	8
523	31
524	2
525	13
526	10
527	15
528	15
529	13
530	8
531	24
532	23
533	28
534	36
535	5
536	36
537	30
538	24
539	12
540	5
541	10
542	5
543	19
544	15
545	15
546	13
547	3
548	20
549	5
550	10
551	14
552	25
553	20
554	37
555	30
556	15
557	8
558	37
559	1
560	3
561	12
562	24
563	2
564	5
565	3
566	33
567	30
568	14
569	27
570	29
571	5
572	29
573	24
574	26
575	5
576	27
577	21
578	4
579	15
580	5
581	36
582	2
583	5
584	17
585	3
586	8
587	9
588	20
589	36
590	22
591	10
592	34
593	5
594	22
595	1
596	27
597	15
598	10
599	5
600	26
601	18
602	15
603	27
604	16
605	37
606	17
607	26
608	15
609	23
610	36
611	20
612	20
613	22
614	17
615	14
616	20
617	5
618	31
619	36
620	8
621	31
622	31
623	7
624	22
625	37
626	18
627	24
628	14
629	35
630	11
631	27
632	16
633	25
634	30
635	31
636	2
637	28
638	33
639	22
640	13
641	27
642	32
643	21
644	19
645	29
646	34
647	4
648	25
649	25
650	16
651	20
652	5
653	34
654	15
655	14
656	22
657	16
658	24
659	33
660	15
661	5
662	1
663	8
664	26
665	31
666	29
667	13
668	21
669	35
670	16
671	5
672	33
673	16
674	24
675	29
676	15
677	1
678	24
679	30
680	24
681	37
682	37
683	5
684	1
685	6
686	23
687	12
688	37
689	29
690	7
691	23
692	16
693	13
694	5
695	34
696	34
697	24
698	21
699	12
700	19
701	3
702	5
703	12
704	22
705	27
706	12
707	10
708	23
709	5
710	22
711	29
712	24
713	34
714	24
715	24
716	25
717	30
718	22
719	5
720	15
721	31
722	25
723	18
724	15
725	35
726	8
727	37
728	23
729	31
730	23
731	24
732	27
733	31
734	15
735	12
736	22
737	8
738	15
739	11
740	11
741	8
742	8
743	6
744	31
745	33
746	8
747	8
748	31
749	24
750	13
751	24
752	8
753	13
754	23
755	19
756	37
757	8
758	15
759	24
760	4
761	16
762	15
763	5
764	1
765	5
766	5
767	8
768	15
769	33
770	24
771	24
772	23
773	5
774	31
775	17
776	2
777	36
778	29
779	12
780	31
781	8
782	5
783	10
784	10
785	33
786	10
787	34
788	1
789	2
790	15
791	13
792	24
793	31
794	6
795	5
796	35
797	31
798	23
799	13
800	25
801	5
802	21
803	24
804	5
805	5
806	1
807	33
808	10
809	13
810	29
811	31
812	10
813	1
814	34
815	8
816	3
817	23
818	16
819	5
820	8
821	25
822	20
823	16
824	20
825	13
826	32
827	10
828	30
829	13
830	13
831	23
832	29
833	12
834	24
835	17
836	8
837	1
838	22
839	22
840	13
841	5
842	30
843	8
844	6
845	36
846	15
847	20
848	25
849	25
850	7
851	12
852	16
853	5
854	35
855	1
856	13
857	5
858	16
859	22
860	8
861	13
862	20
863	18
864	8
865	5
866	13
867	33
868	5
869	20
870	25
871	8
872	1
873	33
874	18
875	27
876	5
877	13
878	21
879	21
880	33
881	25
882	16
883	31
884	21
885	36
886	5
887	7
888	36
889	20
890	13
891	8
892	5
893	34
894	7
895	36
896	8
897	36
898	35
899	5
900	13
901	5
902	27
903	7
904	9
905	8
906	31
907	6
908	22
909	8
910	12
911	5
912	23
913	9
914	6
915	27
916	6
917	31
918	5
919	10
920	5
921	13
922	30
923	8
924	8
925	12
926	13
927	29
928	8
929	16
930	8
931	13
932	5
933	13
934	13
935	29
936	8
937	36
938	23
939	13
940	16
941	26
942	12
943	5
944	8
945	5
946	5
947	1
948	8
949	27
950	15
951	8
952	8
953	22
954	2
955	13
956	3
957	29
958	8
959	20
960	3
961	23
962	8
963	30
964	17
965	29
966	8
967	8
968	5
969	8
970	16
971	24
972	16
973	29
974	13
975	24
976	5
977	5
978	23
979	29
980	13
981	22
982	23
983	13
984	1
985	13
986	24
987	23
988	15
989	12
990	23
991	8
992	13
993	8
994	8
995	30
996	23
997	24
998	5
999	13
1000	5
