1	1
2	2
3	3
4	4
5	2
6	5
7	6
8	7
9	8
10	9
11	10
12	8
13	11
14	12
15	13
16	14
17	15
18	16
19	17
20	18
21	3
22	11
23	19
24	20
25	5
26	21
27	16
28	22
29	23
30	24
31	25
32	26
33	27
34	28
35	29
36	5
37	30
38	31
39	22
40	28
41	15
42	32
43	18
44	12
45	33
46	34
47	20
48	34
49	11
50	35
51	9
52	32
53	16
54	16
55	36
56	37
57	38
58	6
59	33
60	22
61	39
62	8
63	36
64	28
65	37
66	40
67	41
68	36
69	11
70	42
71	43
72	44
73	42
74	5
75	45
76	46
77	47
78	33
79	48
80	30
81	45
82	49
83	25
84	23
85	50
86	51
87	47
88	51
89	52
90	15
91	53
92	41
93	17
94	35
95	54
96	44
97	55
98	56
99	51
100	48
101	57
102	37
103	39
104	52
105	58
106	37
107	58
108	44
109	47
110	59
111	49
112	60
113	61
114	15
115	62
116	17
117	34
118	44
119	35
120	63
121	32
122	64
123	6
124	7
125	41
126	58
127	56
128	39
129	65
130	13
131	39
132	40
133	48
134	5
135	3
136	7
137	11
138	52
139	34
140	6
141	49
142	22
143	47
144	66
145	67
146	24
147	68
148	69
149	50
150	47
151	4
152	3
153	70
154	2
155	31
156	37
157	31
158	37
159	19
160	71
161	72
162	44
163	62
164	42
165	73
166	67
167	26
168	3
169	7
170	4
171	69
172	58
173	41
174	61
175	3
176	67
177	11
178	29
179	13
180	15
181	17
182	56
183	50
184	52
185	31
186	15
187	50
188	58
189	56
190	74
191	29
192	64
193	67
194	6
195	50
196	67
197	9
198	39
199	1
200	42
201	49
202	10
203	11
204	12
205	71
206	51
207	44
208	71
209	4
210	20
211	75
212	1
213	29
214	58
215	48
216	62
217	72
218	26
219	9
220	47
221	65
222	2
223	64
224	76
225	4
226	58
227	23
228	58
229	61
230	61
231	48
232	40
233	18
234	1
235	61
236	66
237	11
238	50
239	28
240	12
241	25
242	56
243	47
244	49
245	39
246	64
247	6
248	41
249	27
250	17
251	56
252	73
253	77
254	52
255	44
256	16
257	27
258	13
259	73
260	73
261	58
262	30
263	47
264	78
265	58
266	12
267	44
268	58
269	50
270	40
271	79
272	51
273	11
274	58
275	31
276	61
277	80
278	73
279	76
280	3
281	44
282	64
283	37
284	41
285	61
286	69
287	56
288	18
289	50
290	29
291	50
292	73
293	73
294	6
295	69
296	44
297	44
298	79
299	6
300	71
301	30
302	71
303	50
304	80
305	44
306	36
307	57
308	11
309	47
310	44
311	18
312	15
313	47
314	13
315	27
316	44
317	56
318	81
319	58
320	53
321	29
322	44
323	82
324	82
325	19
326	34
327	47
328	48
329	65
330	47
331	39
332	71
333	59
334	55
335	31
336	13
337	12
338	7
339	31
340	51
341	47
342	44
343	27
344	31
345	33
346	50
347	58
348	83
349	36
350	56
351	31
352	2
353	44
354	81
355	61
356	80
357	36
358	39
359	13
360	42
361	62
362	39
363	81
364	58
365	84
366	57
367	29
368	6
369	8
370	44
371	2
372	85
373	11
374	58
375	53
376	42
377	6
378	2
379	47
380	1
381	6
382	26
383	61
384	50
385	60
386	61
387	2
388	58
389	47
390	52
391	61
392	65
393	2
394	6
395	55
396	50
397	63
398	8
399	53
400	6
401	53
402	26
403	86
404	70
405	44
406	65
407	55
408	22
409	45
410	58
411	39
412	69
413	17
414	50
415	1
416	51
417	6
418	36
419	69
420	30
421	6
422	63
423	43
424	29
425	81
426	3
427	66
428	11
429	39
430	31
431	14
432	43
433	39
434	84
435	31
436	65
437	35
438	84
439	22
440	47
441	61
442	50
443	48
444	66
445	2
446	81
447	18
448	44
449	45
450	47
451	37
452	58
453	35
454	62
455	6
456	69
457	37
458	11
459	44
460	76
461	50
462	61
463	81
464	47
465	1
466	42
467	80
468	43
469	80
470	50
471	59
472	87
473	53
474	50
475	71
476	52
477	14
478	65
479	81
480	2
481	22
482	47
483	6
484	57
485	42
486	12
487	23
488	61
489	79
490	1
491	31
492	57
493	44
494	50
495	35
496	64
497	27
498	44
499	23
500	53
501	35
502	85
503	58
504	50
505	1
506	53
507	50
508	39
509	44
510	15
511	6
512	51
513	36
514	17
515	51
516	22
517	12
518	22
519	17
520	15
521	81
522	51
523	50
524	4
525	61
526	51
527	43
528	39
529	37
530	39
531	17
532	12
533	67
534	1
535	50
536	63
537	48
538	39
539	57
540	71
541	6
542	7
543	11
544	12
545	73
546	35
547	81
548	37
549	7
550	6
551	70
552	44
553	69
554	17
555	50
556	53
557	39
558	44
559	73
560	44
561	24
562	44
563	84
564	37
565	1
566	81
567	5
568	61
569	17
570	73
571	57
572	7
573	2
574	53
575	48
576	47
577	30
578	51
579	45
580	11
581	41
582	49
583	7
584	81
585	6
586	6
587	7
588	13
589	71
590	6
591	50
592	48
593	56
594	15
595	44
596	85
597	53
598	17
599	48
600	17
601	64
602	13
603	37
604	15
605	6
606	39
607	33
608	59
609	56
610	39
611	48
612	47
613	1
614	5
615	13
616	37
617	44
618	85
619	17
620	50
621	6
622	85
623	88
624	65
625	89
626	39
627	65
628	25
629	37
630	48
631	47
632	5
633	68
634	11
635	39
636	6
637	7
638	58
639	30
640	56
641	6
642	1
643	48
644	48
645	47
646	6
647	82
648	31
649	44
650	61
651	17
652	39
653	49
654	13
655	81
656	49
657	2
658	40
659	50
660	77
661	39
662	5
663	13
664	56
665	61
666	41
667	31
668	87
669	61
670	17
671	13
672	32
673	3
674	49
675	10
676	15
677	15
678	48
679	30
680	13
681	71
682	31
683	31
684	57
685	7
686	14
687	15
688	31
689	41
690	15
691	13
692	39
693	17
694	63
695	44
696	51
697	61
698	81
699	44
700	23
701	61
702	6
703	6
704	49
705	7
706	14
707	48
708	15
709	57
710	22
711	15
712	31
713	58
714	80
715	56
716	50
717	13
718	1
719	81
720	2
721	3
722	56
723	48
724	44
725	6
726	51
727	15
728	50
729	48
730	44
731	3
732	17
733	64
734	47
735	47
736	55
737	4
738	50
739	60
740	85
741	31
742	48
743	41
744	15
745	83
746	28
747	16
748	31
749	44
750	5
751	21
752	53
753	10
754	17
755	17
756	37
757	47
758	48
759	12
760	47
761	36
762	41
763	7
764	50
765	23
766	21
767	7
768	82
769	27
770	57
771	5
772	1
773	7
774	61
775	17
776	13
777	89
778	10
779	84
780	49
781	18
782	50
783	1
784	7
785	62
786	6
787	1
788	48
789	30
790	78
791	44
792	51
793	69
794	56
795	31
796	61
797	6
798	81
799	3
800	55
801	72
802	63
803	31
804	48
805	7
806	55
807	18
808	5
809	67
810	7
811	12
812	44
813	48
814	15
815	39
816	40
817	7
818	7
819	22
820	67
821	64
822	7
823	53
824	89
825	13
826	67
827	44
828	37
829	40
830	27
831	13
832	3
833	11
834	81
835	40
836	79
837	12
838	48
839	49
840	53
841	33
842	48
843	28
844	71
845	6
846	53
847	73
848	49
849	32
850	70
851	46
852	31
853	61
854	29
855	36
856	17
857	64
858	17
859	11
860	49
861	50
862	44
863	6
864	42
865	42
866	37
867	61
868	26
869	27
870	44
871	62
872	27
873	1
874	44
875	67
876	6
877	40
878	39
879	13
880	7
881	79
882	13
883	85
884	39
885	5
886	40
887	36
888	6
889	6
890	56
891	6
892	44
893	81
894	50
895	58
896	44
897	73
898	64
899	36
900	88
901	44
902	6
903	48
904	39
905	42
906	41
907	6
908	53
909	19
910	27
911	33
912	85
913	27
914	57
915	40
916	40
917	30
918	49
919	77
920	44
921	40
922	65
923	49
924	61
925	2
926	61
927	7
928	48
929	6
930	48
931	22
932	40
933	43
934	29
935	70
936	67
937	23
938	80
939	8
940	7
941	87
942	40
943	65
944	10
945	82
946	42
947	39
948	7
949	15
950	7
951	84
952	10
953	6
954	44
955	20
956	5
957	1
958	49
959	20
960	53
961	82
962	67
963	32
964	50
965	42
966	69
967	84
968	7
969	48
970	84
971	47
972	44
973	49
974	50
975	67
976	48
977	13
978	16
979	85
980	15
981	80
982	13
983	20
984	42
985	78
986	10
987	55
988	62
989	7
990	85
991	49
992	42
993	52
994	42
995	40
996	55
997	41
998	6
999	20
1000	10
1001	46
1002	58
1003	6
1004	62
1005	7
1006	35
1007	44
1008	44
1009	39
1010	15
1011	15
1012	79
1013	7
1014	22
1015	50
1016	6
1017	21
1018	58
1019	28
1020	65
1021	7
1022	65
1023	30
1024	51
1025	15
1026	80
1027	5
1028	6
1029	79
1030	70
1031	7
1032	58
1033	22
1034	64
1035	22
1036	18
1037	58
1038	68
1039	51
1040	36
1041	20
1042	23
1043	44
1044	61
1045	64
1046	12
1047	7
1048	61
1049	58
1050	41
1051	41
1052	60
1053	64
1054	61
1055	37
1056	1
1057	67
1058	8
1059	39
1060	15
1061	58
1062	67
1063	7
1064	13
1065	11
1066	77
1067	37
1068	13
1069	5
1070	75
1071	38
1072	17
1073	2
1074	37
1075	86
1076	15
1077	58
1078	61
1079	61
1080	1
1081	51
1082	66
1083	51
1084	5
1085	50
1086	48
1087	86
1088	6
1089	33
1090	22
1091	5
1092	41
1093	50
1094	39
1095	39
1096	48
1097	46
1098	57
1099	67
1100	48
1101	40
1102	37
1103	44
1104	7
1105	58
1106	25
1107	13
1108	41
1109	32
1110	58
1111	22
1112	30
1113	32
1114	37
1115	57
1116	11
1117	40
1118	37
1119	61
1120	7
1121	52
1122	74
1123	70
1124	58
1125	37
1126	21
1127	56
1128	20
1129	80
1130	58
1131	21
1132	6
1133	37
1134	35
1135	77
1136	7
1137	37
1138	61
1139	37
1140	6
1141	37
1142	53
1143	17
1144	13
1145	65
1146	7
1147	44
1148	43
1149	83
1150	30
1151	11
1152	49
1153	61
1154	35
1155	58
1156	73
1157	50
1158	6
1159	44
1160	49
1161	56
1162	36
1163	51
1164	70
1165	22
1166	51
1167	44
1168	67
1169	82
1170	3
1171	7
1172	37
1173	37
1174	57
1175	26
1176	11
1177	58
1178	15
1179	58
1180	7
1181	47
1182	35
1183	61
1184	58
1185	47
1186	54
1187	37
1188	71
1189	86
1190	11
1191	58
1192	61
1193	47
1194	37
1195	13
1196	65
1197	17
1198	61
1199	85
1200	22
1201	40
1202	44
1203	7
1204	6
1205	11
1206	71
1207	49
1208	88
1209	42
1210	39
1211	6
1212	76
1213	47
1214	6
1215	11
1216	29
1217	6
1218	7
1219	50
1220	11
1221	44
1222	50
1223	51
1224	57
1225	23
1226	6
1227	6
1228	41
1229	47
1230	11
1231	82
1232	62
1233	31
1234	7
1235	81
1236	40
1237	11
1238	7
1239	43
1240	67
1241	66
1242	58
1243	6
1244	56
1245	57
1246	15
1247	13
1248	37
1249	3
1250	37
1251	17
1252	40
1253	31
1254	23
1255	86
1256	83
1257	37
1258	6
1259	57
1260	47
1261	7
1262	31
1263	58
1264	90
1265	1
1266	44
1267	44
1268	61
1269	11
1270	58
1271	5
1272	31
1273	67
1274	71
1275	7
1276	73
1277	58
1278	6
1279	50
1280	29
1281	6
1282	28
1283	15
1284	36
1285	77
1286	47
1287	57
1288	68
1289	51
1290	10
1291	40
1292	37
1293	11
1294	35
1295	40
1296	56
1297	7
1298	8
1299	27
1300	55
1301	7
1302	30
1303	73
1304	17
1305	71
1306	39
1307	7
1308	88
1309	59
1310	31
1311	6
1312	44
1313	11
1314	31
1315	11
1316	58
1317	36
1318	56
1319	37
1320	44
1321	73
1322	36
1323	47
1324	11
1325	44
1326	81
1327	31
1328	41
1329	73
1330	50
1331	6
1332	44
1333	61
1334	36
1335	7
1336	39
1337	81
1338	56
1339	36
1340	44
1341	82
1342	6
1343	18
1344	6
1345	27
1346	58
1347	48
1348	56
1349	11
1350	73
1351	42
1352	47
1353	42
1354	61
1355	24
1356	2
1357	67
1358	50
1359	29
1360	48
1361	61
1362	33
1363	63
1364	10
1365	37
1366	12
1367	31
1368	31
1369	50
1370	25
1371	90
1372	52
1373	12
1374	44
1375	53
1376	29
1377	30
1378	79
1379	31
1380	48
1381	27
1382	7
1383	84
1384	55
1385	25
1386	6
1387	37
1388	44
1389	63
1390	67
1391	53
1392	47
1393	37
1394	11
1395	47
1396	90
1397	7
1398	53
1399	11
1400	74
1401	72
1402	11
1403	21
1404	31
1405	11
1406	44
1407	37
1408	40
1409	36
1410	9
1411	47
1412	42
1413	81
1414	30
1415	31
1416	7
1417	52
1418	81
1419	53
1420	7
1421	44
1422	85
1423	7
1424	61
1425	58
1426	30
1427	6
1428	42
1429	44
1430	37
1431	44
1432	22
1433	55
1434	25
1435	22
1436	67
1437	11
1438	6
1439	84
1440	85
1441	8
1442	81
1443	53
1444	11
1445	27
1446	7
1447	60
1448	81
1449	11
1450	44
1451	23
1452	61
1453	47
1454	85
1455	31
1456	4
1457	47
1458	85
1459	47
1460	31
1461	58
1462	43
1463	81
1464	75
1465	75
1466	55
1467	81
1468	31
1469	51
1470	56
1471	11
1472	76
1473	36
1474	44
1475	44
1476	31
1477	6
1478	58
1479	62
1480	6
1481	23
1482	31
1483	53
1484	31
1485	22
1486	42
1487	11
1488	79
1489	52
1490	1
1491	16
1492	11
1493	6
1494	30
1495	35
1496	87
1497	81
1498	50
1499	7
1500	61
1501	47
1502	85
1503	59
1504	44
1505	47
1506	15
1507	74
1508	86
1509	31
1510	15
1511	42
1512	67
1513	6
1514	40
1515	21
1516	7
1517	47
1518	58
1519	3
1520	71
1521	87
1522	53
1523	37
1524	81
1525	57
1526	57
1527	7
1528	31
1529	6
1530	73
1531	48
1532	15
1533	61
1534	7
1535	7
1536	77
1537	85
1538	14
1539	47
1540	47
1541	24
1542	68
1543	30
1544	17
1545	37
1546	44
1547	44
1548	79
1549	11
1550	37
1551	35
1552	37
1553	79
1554	37
1555	12
1556	37
1557	57
1558	7
1559	31
1560	17
1561	6
1562	77
1563	29
1564	41
1565	41
1566	39
1567	48
1568	51
1569	7
1570	31
1571	36
1572	48
1573	17
1574	75
1575	58
1576	7
1577	37
1578	53
1579	44
1580	11
1581	47
1582	17
1583	39
1584	52
1585	44
1586	39
1587	31
1588	11
1589	7
1590	44
1591	15
1592	61
1593	11
1594	37
1595	31
1596	13
1597	41
1598	58
1599	11
1600	72
1601	37
1602	37
1603	22
1604	7
1605	44
1606	17
1607	7
1608	90
1609	11
1610	7
1611	11
1612	81
1613	53
1614	51
1615	52
1616	34
1617	81
1618	7
1619	79
1620	51
1621	17
1622	7
1623	37
1624	49
1625	47
1626	55
1627	1
1628	49
1629	81
1630	33
1631	6
1632	58
1633	38
1634	47
1635	13
1636	31
1637	37
1638	15
1639	21
1640	17
1641	6
1642	47
1643	81
1644	53
1645	49
1646	11
1647	11
1648	31
1649	53
1650	11
1651	6
1652	37
1653	7
1654	6
1655	49
1656	6
1657	24
1658	11
1659	81
1660	6
1661	58
1662	40
1663	12
1664	7
1665	39
1666	48
1667	58
1668	31
1669	6
1670	81
1671	29
1672	41
1673	66
1674	33
1675	52
1676	66
1677	81
1678	81
1679	14
1680	2
1681	26
1682	43
1683	61
1684	11
1685	31
1686	49
1687	11
1688	41
1689	7
1690	61
1691	73
1692	47
1693	51
1694	65
1695	52
1696	18
1697	48
1698	47
1699	81
1700	11
1701	13
1702	14
1703	69
1704	14
1705	37
1706	69
1707	84
1708	37
1709	49
1710	54
1711	48
1712	15
1713	44
1714	37
1715	11
1716	86
1717	15
1718	40
1719	48
1720	51
1721	31
1722	56
1723	49
1724	58
1725	2
1726	53
1727	58
1728	47
1729	51
1730	37
1731	19
1732	7
1733	9
1734	71
1735	31
1736	51
1737	7
1738	37
1739	37
1740	39
1741	31
1742	78
1743	6
1744	58
1745	44
1746	6
1747	81
1748	48
1749	9
1750	66
1751	74
1752	35
1753	37
1754	17
1755	49
1756	7
1757	29
1758	7
1759	17
1760	7
1761	44
1762	47
1763	7
1764	48
1765	66
1766	48
1767	37
1768	3
1769	39
1770	11
1771	31
1772	11
1773	56
1774	90
1775	87
1776	44
1777	73
1778	31
1779	47
1780	48
1781	17
1782	3
1783	55
1784	48
1785	39
1786	76
1787	47
1788	44
1789	50
1790	73
1791	6
1792	65
1793	31
1794	55
1795	31
1796	39
1797	61
1798	79
1799	84
1800	76
1801	81
1802	73
1803	49
1804	7
1805	11
1806	7
1807	31
1808	81
1809	61
1810	11
1811	6
1812	36
1813	39
1814	11
1815	73
1816	77
1817	58
1818	13
1819	23
1820	48
1821	44
1822	47
1823	79
1824	67
1825	11
1826	39
1827	49
1828	81
1829	56
1830	7
1831	31
1832	49
1833	73
1834	69
1835	55
1836	32
1837	81
1838	34
1839	6
1840	67
1841	44
1842	33
1843	11
1844	47
1845	53
1846	37
1847	58
1848	58
1849	5
1850	7
1851	84
1852	6
1853	58
1854	84
1855	11
1856	36
1857	83
1858	27
1859	6
1860	1
1861	30
1862	7
1863	73
1864	17
1865	79
1866	13
1867	40
1868	11
1869	53
1870	40
1871	44
1872	3
1873	31
1874	2
1875	55
1876	6
1877	44
1878	58
1879	7
1880	7
1881	37
1882	39
1883	29
1884	15
1885	39
1886	6
1887	36
1888	44
1889	50
1890	49
1891	50
1892	63
1893	53
1894	6
1895	52
1896	13
1897	18
1898	15
1899	39
1900	6
1901	11
1902	11
1903	39
1904	11
1905	20
1906	37
1907	50
1908	58
1909	48
1910	7
1911	50
1912	13
1913	11
1914	50
1915	49
1916	50
1917	27
1918	6
1919	7
1920	50
1921	58
1922	6
1923	13
1924	7
1925	11
1926	42
1927	58
1928	40
1929	50
1930	50
1931	9
1932	11
1933	42
1934	37
1935	9
1936	39
1937	55
1938	44
1939	27
1940	47
1941	81
1942	39
1943	44
1944	7
1945	17
1946	39
1947	31
1948	13
1949	31
1950	47
1951	39
1952	10
1953	37
1954	50
1955	13
1956	47
1957	59
1958	44
1959	61
1960	37
1961	85
1962	39
1963	7
1964	53
1965	31
1966	15
1967	7
1968	6
1969	50
1970	11
1971	50
1972	11
1973	7
1974	7
1975	11
1976	11
1977	6
1978	44
1979	44
1980	39
1981	37
1982	85
1983	69
1984	37
1985	47
1986	6
1987	37
1988	17
1989	11
1990	39
1991	7
1992	48
1993	7
1994	52
1995	50
1996	5
1997	16
1998	39
1999	6
2000	50
2001	37
2002	7
2003	6
2004	44
2005	39
2006	44
2007	22
2008	67
2009	77
2010	39
2011	47
2012	7
2013	44
2014	39
2015	22
2016	11
2017	58
2018	84
2019	47
2020	11
2021	7
2022	44
2023	69
2024	1
2025	37
2026	27
2027	53
2028	3
2029	44
2030	12
2031	52
2032	73
2033	2
2034	49
2035	81
2036	6
2037	10
2038	39
2039	7
2040	39
2041	11
2042	69
2043	50
2044	73
2045	7
2046	58
2047	39
2048	22
2049	85
2050	50
2051	44
2052	50
2053	39
2054	51
2055	51
2056	44
2057	51
2058	53
2059	61
2060	36
2061	67
2062	70
2063	37
2064	88
2065	2
2066	77
2067	79
2068	35
2069	52
2070	51
2071	1
2072	39
2073	44
2074	51
2075	50
2076	85
2077	7
2078	67
2079	60
2080	44
2081	27
2082	64
2083	26
2084	37
2085	81
2086	47
2087	37
2088	31
2089	17
2090	52
2091	22
2092	50
2093	51
2094	61
2095	61
2096	33
2097	50
2098	85
2099	82
2100	57
2101	17
2102	61
2103	58
2104	6
2105	47
2106	1
2107	17
2108	22
2109	85
2110	12
2111	6
2112	41
2113	51
2114	34
2115	11
2116	58
2117	74
2118	12
2119	69
2120	50
2121	37
2122	36
2123	46
2124	65
2125	7
2126	6
2127	61
2128	39
2129	58
2130	44
2131	39
2132	7
2133	51
2134	67
2135	58
2136	22
2137	49
2138	64
2139	39
2140	62
2141	41
2142	90
2143	80
2144	78
2145	6
2146	11
2147	37
2148	6
2149	44
2150	72
2151	15
2152	5
2153	51
2154	40
2155	15
2156	51
2157	61
2158	50
2159	72
2160	40
2161	15
2162	25
2163	31
2164	59
2165	12
2166	66
2167	49
2168	6
2169	44
2170	62
2171	72
2172	73
2173	84
2174	56
2175	21
2176	31
2177	39
2178	50
2179	39
2180	84
2181	6
2182	15
2183	15
2184	44
2185	53
2186	11
2187	44
2188	15
2189	16
2190	61
2191	50
2192	6
2193	31
2194	19
2195	59
2196	29
2197	35
2198	22
2199	37
2200	57
2201	15
2202	47
2203	47
2204	61
2205	31
2206	42
2207	44
2208	51
2209	51
2210	37
2211	44
2212	6
2213	10
2214	30
2215	35
2216	47
2217	41
2218	51
2219	39
2220	39
2221	31
2222	61
2223	3
2224	29
2225	44
2226	6
2227	65
2228	87
2229	44
2230	61
2231	44
2232	6
2233	39
2234	25
2235	44
2236	26
2237	39
2238	5
2239	48
2240	35
2241	20
2242	32
2243	29
2244	58
2245	40
2246	13
2247	40
2248	47
2249	11
2250	47
2251	11
2252	29
2253	23
2254	44
2255	17
2256	6
2257	39
2258	40
2259	58
2260	58
2261	66
2262	62
2263	44
2264	37
2265	2
2266	49
2267	37
2268	39
2269	50
2270	74
2271	85
2272	55
2273	51
2274	64
2275	81
2276	13
2277	6
2278	11
2279	9
2280	50
2281	73
2282	17
2283	49
2284	39
2285	55
2286	6
2287	44
2288	50
2289	37
2290	45
2291	39
2292	6
2293	37
2294	20
2295	48
2296	3
2297	80
2298	69
2299	47
2300	39
2301	37
2302	55
2303	7
2304	16
2305	18
2306	44
2307	12
2308	31
2309	44
2310	28
2311	73
2312	6
2313	17
2314	71
2315	31
2316	39
2317	64
2318	51
2319	47
2320	44
2321	44
2322	37
2323	73
2324	44
2325	40
2326	48
2327	75
2328	13
2329	30
2330	51
2331	16
2332	40
2333	37
2334	47
2335	56
2336	50
2337	64
2338	70
2339	70
2340	51
2341	50
2342	70
2343	58
2344	30
2345	51
2346	39
2347	44
2348	50
2349	67
2350	36
2351	56
2352	75
2353	6
2354	55
2355	61
2356	81
2357	44
2358	35
2359	40
2360	29
2361	44
2362	51
2363	3
2364	45
2365	51
2366	51
2367	44
2368	6
2369	79
2370	37
2371	1
2372	51
2373	58
2374	70
2375	51
2376	67
2377	6
2378	23
2379	61
2380	77
2381	53
2382	78
2383	51
2384	31
2385	55
2386	30
2387	27
2388	6
2389	6
2390	81
2391	2
2392	48
2393	20
2394	51
2395	80
2396	61
2397	73
2398	64
2399	24
2400	7
2401	55
2402	44
2403	47
2404	30
2405	79
2406	40
2407	61
2408	3
2409	56
2410	71
2411	53
2412	11
2413	39
2414	31
2415	27
2416	52
2417	2
2418	29
2419	47
2420	13
2421	72
2422	44
2423	31
2424	31
2425	6
2426	84
2427	42
2428	1
2429	39
2430	66
2431	58
2432	40
2433	6
2434	14
2435	58
2436	2
2437	53
2438	30
2439	6
2440	61
2441	55
2442	51
2443	63
2444	6
2445	50
2446	6
2447	15
2448	55
2449	50
2450	81
2451	6
2452	6
2453	47
2454	44
2455	71
2456	75
2457	6
2458	4
2459	84
2460	27
2461	31
2462	43
2463	22
2464	39
2465	44
2466	81
2467	73
2468	12
2469	52
2470	44
2471	81
2472	81
2473	71
2474	27
2475	80
2476	55
2477	54
2478	10
2479	21
2480	22
2481	23
2482	64
2483	47
2484	55
2485	61
2486	10
2487	11
2488	61
2489	32
2490	38
2491	30
2492	64
2493	39
2494	39
2495	44
2496	35
2497	52
2498	37
2499	85
2500	72
2501	27
2502	1
2503	6
2504	65
2505	79
2506	6
2507	67
2508	71
2509	55
2510	44
2511	44
2512	55
2513	61
2514	64
2515	14
2516	6
2517	32
2518	44
2519	16
2520	58
2521	53
2522	30
2523	39
2524	85
2525	29
2526	51
2527	50
2528	15
2529	51
2530	31
2531	55
2532	15
2533	26
2534	30
2535	42
2536	6
2537	31
2538	6
2539	16
2540	79
2541	16
2542	17
2543	79
2544	6
2545	51
2546	50
2547	30
2548	16
2549	88
2550	50
2551	61
2552	57
2553	50
2554	4
2555	35
2556	2
2557	36
2558	84
2559	7
2560	26
2561	35
2562	40
2563	5
2564	6
2565	67
2566	81
2567	7
2568	44
2569	40
2570	7
2571	42
2572	18
2573	68
2574	5
2575	28
2576	79
2577	44
2578	12
2579	90
2580	19
2581	44
2582	7
2583	22
2584	64
2585	15
2586	66
2587	15
2588	1
2589	65
2590	40
2591	40
2592	22
2593	47
2594	51
2595	2
2596	84
2597	10
2598	7
2599	11
2600	47
2601	25
2602	22
2603	32
2604	6
2605	74
2606	7
2607	39
2608	6
2609	61
2610	1
2611	1
2612	17
2613	1
2614	26
2615	50
2616	67
2617	22
2618	54
2619	50
2620	27
2621	38
2622	39
2623	11
2624	44
2625	6
2626	11
2627	83
2628	18
2629	6
2630	11
2631	7
2632	13
2633	7
2634	31
2635	81
2636	15
2637	59
2638	11
2639	16
2640	72
2641	44
2642	6
2643	90
2644	58
2645	48
2646	7
2647	34
2648	49
2649	51
2650	17
2651	84
2652	20
2653	6
2654	25
2655	37
2656	31
2657	17
2658	13
2659	12
2660	47
2661	61
2662	1
2663	72
2664	44
2665	3
2666	31
2667	61
2668	6
2669	44
2670	13
2671	42
2672	6
2673	62
2674	43
2675	7
2676	15
2677	44
2678	81
2679	61
2680	38
2681	50
2682	13
2683	13
2684	7
2685	58
2686	3
2687	31
2688	3
2689	13
2690	1
2691	39
2692	13
2693	48
2694	57
2695	49
2696	61
2697	49
2698	27
2699	44
2700	47
2701	17
2702	13
2703	22
2704	6
2705	29
2706	50
2707	22
2708	34
2709	37
2710	6
2711	7
2712	73
2713	48
2714	31
2715	44
2716	7
2717	6
2718	53
2719	15
2720	81
2721	15
2722	15
2723	22
2724	66
2725	51
2726	81
2727	13
2728	10
2729	25
2730	37
2731	13
2732	39
2733	29
2734	35
2735	6
2736	3
2737	6
2738	74
2739	69
2740	51
2741	15
2742	7
2743	50
2744	11
2745	7
2746	31
2747	6
2748	28
2749	81
2750	7
2751	7
2752	6
2753	50
2754	57
2755	44
2756	35
2757	84
2758	61
2759	6
2760	71
2761	58
2762	30
2763	7
2764	6
2765	4
2766	44
2767	28
2768	51
2769	50
2770	15
2771	68
2772	49
2773	50
2774	29
2775	61
2776	51
2777	61
2778	23
2779	31
2780	50
2781	44
2782	55
2783	59
2784	13
2785	15
2786	44
2787	47
2788	83
2789	15
2790	21
2791	64
2792	5
2793	33
2794	23
2795	56
2796	1
2797	70
2798	15
2799	22
2800	6
2801	69
2802	35
2803	6
2804	51
2805	39
2806	65
2807	8
2808	81
2809	36
2810	6
2811	29
2812	19
2813	7
2814	29
2815	12
2816	81
2817	44
2818	17
2819	39
2820	90
2821	56
2822	17
2823	73
2824	44
2825	17
2826	48
2827	14
2828	49
2829	4
2830	23
2831	1
2832	77
2833	44
2834	15
2835	17
2836	49
2837	70
2838	46
2839	29
2840	7
2841	54
2842	37
2843	7
2844	29
2845	71
2846	55
2847	47
2848	44
2849	3
2850	30
2851	15
2852	7
2853	51
2854	31
2855	5
2856	15
2857	40
2858	51
2859	50
2860	48
2861	81
2862	64
2863	36
2864	84
2865	7
2866	50
2867	49
2868	36
2869	23
2870	27
2871	79
2872	40
2873	3
2874	13
2875	73
2876	7
2877	7
2878	42
2879	64
2880	44
2881	6
2882	44
2883	75
2884	18
2885	11
2886	47
2887	63
2888	6
2889	16
2890	55
2891	6
2892	59
2893	15
2894	13
2895	44
2896	7
2897	29
2898	56
2899	42
2900	30
2901	13
2902	48
2903	13
2904	44
2905	53
2906	41
2907	40
2908	55
2909	39
2910	48
2911	84
2912	6
2913	55
2914	7
2915	6
2916	60
2917	44
2918	78
2919	48
2920	33
2921	84
2922	69
2923	44
2924	6
2925	45
2926	51
2927	44
2928	77
2929	40
2930	44
2931	42
2932	37
2933	11
2934	56
2935	33
2936	56
2937	64
2938	67
2939	46
2940	49
2941	43
2942	47
2943	53
2944	2
2945	6
2946	51
2947	53
2948	34
2949	34
2950	90
2951	71
2952	48
2953	44
2954	42
2955	10
2956	84
2957	7
2958	74
2959	44
2960	83
2961	52
2962	52
2963	6
2964	48
2965	44
2966	6
2967	73
2968	6
2969	42
2970	39
2971	6
2972	75
2973	55
2974	53
2975	67
2976	26
2977	6
2978	84
2979	52
2980	7
2981	27
2982	73
2983	4
2984	36
2985	6
2986	48
2987	17
2988	13
2989	40
2990	66
2991	20
2992	31
2993	27
2994	20
2995	6
2996	27
2997	39
2998	25
2999	67
3000	7
3001	6
3002	39
3003	42
3004	73
3005	53
3006	7
3007	6
3008	55
3009	17
3010	80
3011	27
3012	2
3013	31
3014	6
3015	40
3016	48
3017	67
3018	58
3019	85
3020	67
3021	17
3022	6
3023	7
3024	10
3025	78
3026	78
3027	67
3028	7
3029	50
3030	50
3031	34
3032	36
3033	87
3034	44
3035	6
3036	50
3037	58
3038	1
3039	22
3040	7
3041	58
3042	58
3043	17
3044	7
3045	42
3046	13
3047	89
3048	58
3049	13
3050	6
3051	9
3052	58
3053	49
3054	53
3055	17
3056	58
3057	17
3058	57
3059	7
3060	82
3061	44
3062	51
3063	44
3064	7
3065	15
3066	7
3067	51
3068	58
3069	58
3070	49
3071	58
3072	36
3073	6
3074	81
3075	67
3076	32
3077	18
3078	1
3079	58
3080	26
3081	56
3082	61
3083	16
3084	44
3085	50
3086	25
3087	51
3088	52
3089	18
3090	58
3091	49
3092	7
3093	51
3094	49
3095	7
3096	6
3097	44
3098	19
3099	22
3100	81
3101	36
3102	26
3103	44
3104	25
3105	40
3106	34
3107	58
3108	6
3109	35
3110	37
3111	11
3112	58
3113	11
3114	11
3115	11
3116	58
3117	44
3118	85
3119	11
3120	18
3121	11
3122	39
3123	6
3124	61
3125	35
3126	6
3127	12
3128	5
3129	58
3130	11
3131	6
3132	37
3133	58
3134	7
3135	6
3136	6
3137	6
3138	34
3139	37
3140	37
3141	11
3142	72
3143	29
3144	55
3145	57
3146	67
3147	80
3148	17
3149	75
3150	55
3151	63
3152	44
3153	61
3154	37
3155	39
3156	44
3157	80
3158	41
3159	56
3160	6
3161	60
3162	25
3163	40
3164	61
3165	6
3166	60
3167	26
3168	51
3169	85
3170	78
3171	54
3172	62
3173	53
3174	85
3175	7
3176	70
3177	52
3178	2
3179	61
3180	44
3181	17
3182	55
3183	37
3184	56
3185	8
3186	44
3187	33
3188	58
3189	37
3190	5
3191	1
3192	50
3193	37
3194	58
3195	53
3196	58
3197	44
3198	51
3199	57
3200	86
3201	53
3202	53
3203	29
3204	41
3205	11
3206	66
3207	44
3208	51
3209	40
3210	51
3211	58
3212	49
3213	6
3214	52
3215	56
3216	51
3217	7
3218	2
3219	37
3220	6
3221	76
3222	62
3223	58
3224	6
3225	11
3226	5
3227	47
3228	52
3229	6
3230	11
3231	71
3232	58
3233	61
3234	47
3235	37
3236	17
3237	40
3238	9
3239	11
3240	44
3241	7
3242	10
3243	11
3244	50
3245	37
3246	40
3247	72
3248	44
3249	67
3250	37
3251	37
3252	11
3253	44
3254	44
3255	7
3256	46
3257	37
3258	3
3259	58
3260	37
3261	6
3262	7
3263	1
3264	43
3265	47
3266	11
3267	1
3268	3
3269	39
3270	47
3271	5
3272	57
3273	58
3274	56
3275	11
3276	61
3277	47
3278	58
3279	32
3280	29
3281	61
3282	7
3283	47
3284	6
3285	6
3286	21
3287	49
3288	61
3289	2
3290	58
3291	31
3292	6
3293	11
3294	47
3295	9
3296	58
3297	58
3298	80
3299	26
3300	58
3301	44
3302	44
3303	47
3304	41
3305	7
3306	6
3307	37
3308	3
3309	37
3310	67
3311	37
3312	50
3313	7
3314	73
3315	67
3316	6
3317	11
3318	6
3319	31
3320	7
3321	56
3322	47
3323	41
3324	40
3325	7
3326	47
3327	58
3328	70
3329	58
3330	40
3331	28
3332	6
3333	80
3334	77
3335	11
3336	44
3337	55
3338	30
3339	69
3340	61
3341	55
3342	2
3343	84
3344	73
3345	31
3346	51
3347	41
3348	31
3349	69
3350	7
3351	6
3352	58
3353	64
3354	15
3355	79
3356	6
3357	27
3358	37
3359	37
3360	72
3361	55
3362	51
3363	31
3364	11
3365	37
3366	37
3367	7
3368	44
3369	58
3370	11
3371	34
3372	39
3373	37
3374	37
3375	31
3376	55
3377	44
3378	37
3379	65
3380	31
3381	61
3382	47
3383	61
3384	71
3385	29
3386	57
3387	30
3388	34
3389	37
3390	6
3391	44
3392	4
3393	23
3394	44
3395	5
3396	27
3397	15
3398	24
3399	36
3400	7
3401	11
3402	51
3403	71
3404	39
3405	58
3406	18
3407	7
3408	7
3409	47
3410	31
3411	81
3412	72
3413	47
3414	73
3415	3
3416	37
3417	81
3418	47
3419	51
3420	58
3421	11
3422	6
3423	7
3424	51
3425	31
3426	7
3427	27
3428	16
3429	11
3430	51
3431	47
3432	63
3433	28
3434	58
3435	85
3436	36
3437	58
3438	45
3439	67
3440	31
3441	31
3442	65
3443	61
3444	44
3445	61
3446	58
3447	51
3448	31
3449	8
3450	47
3451	9
3452	12
3453	27
3454	7
3455	40
3456	11
3457	85
3458	11
3459	37
3460	11
3461	65
3462	47
3463	46
3464	53
3465	7
3466	7
3467	46
3468	11
3469	44
3470	81
3471	6
3472	55
3473	31
3474	49
3475	37
3476	36
3477	22
3478	72
3479	58
3480	58
3481	71
3482	19
3483	64
3484	81
3485	11
3486	11
3487	60
3488	10
3489	84
3490	51
3491	7
3492	37
3493	1
3494	37
3495	11
3496	47
3497	31
3498	61
3499	69
3500	45
3501	66
3502	49
3503	61
3504	67
3505	47
3506	47
3507	47
3508	11
3509	6
3510	47
3511	11
3512	47
3513	6
3514	11
3515	47
3516	37
3517	58
3518	27
3519	37
3520	5
3521	1
3522	6
3523	37
3524	44
3525	7
3526	4
3527	6
3528	64
3529	6
3530	84
3531	6
3532	6
3533	47
3534	28
3535	47
3536	47
3537	7
3538	37
3539	6
3540	57
3541	46
3542	47
3543	3
3544	44
3545	47
3546	17
3547	47
3548	44
3549	58
3550	22
3551	47
3552	27
3553	36
3554	52
3555	58
3556	44
3557	48
3558	47
3559	37
3560	11
3561	37
3562	37
3563	11
3564	37
3565	59
3566	7
3567	81
3568	70
3569	67
3570	81
3571	61
3572	58
3573	17
3574	87
3575	52
3576	84
3577	31
3578	63
3579	65
3580	44
3581	53
3582	83
3583	74
3584	44
3585	11
3586	43
3587	6
3588	6
3589	11
3590	11
3591	85
3592	17
3593	44
3594	7
3595	51
3596	1
3597	11
3598	69
3599	1
3600	47
3601	37
3602	47
3603	7
3604	80
3605	3
3606	35
3607	65
3608	85
3609	7
3610	81
3611	31
3612	17
3613	7
3614	11
3615	58
3616	6
3617	37
3618	47
3619	44
3620	6
3621	44
3622	2
3623	58
3624	47
3625	19
3626	58
3627	44
3628	6
3629	11
3630	58
3631	58
3632	11
3633	67
3634	31
3635	63
3636	85
3637	11
3638	6
3639	18
3640	31
3641	37
3642	17
3643	7
3644	17
3645	44
3646	49
3647	44
3648	42
3649	15
3650	31
3651	55
3652	37
3653	7
3654	70
3655	56
3656	50
3657	53
3658	2
3659	31
3660	17
3661	11
3662	48
3663	37
3664	47
3665	49
3666	6
3667	17
3668	37
3669	28
3670	79
3671	1
3672	31
3673	37
3674	37
3675	51
3676	15
3677	13
3678	44
3679	58
3680	51
3681	2
3682	7
3683	58
3684	31
3685	7
3686	11
3687	7
3688	7
3689	6
3690	48
3691	68
3692	46
3693	6
3694	81
3695	31
3696	41
3697	21
3698	31
3699	63
3700	47
3701	35
3702	17
3703	57
3704	43
3705	47
3706	51
3707	61
3708	13
3709	44
3710	61
3711	84
3712	31
3713	47
3714	7
3715	2
3716	25
3717	11
3718	17
3719	58
3720	37
3721	12
3722	90
3723	17
3724	6
3725	7
3726	11
3727	17
3728	31
3729	7
3730	68
3731	6
3732	50
3733	59
3734	44
3735	66
3736	37
3737	56
3738	6
3739	5
3740	47
3741	76
3742	13
3743	47
3744	86
3745	56
3746	31
3747	58
3748	1
3749	37
3750	49
3751	51
3752	17
3753	69
3754	3
3755	47
3756	37
3757	49
3758	47
3759	81
3760	44
3761	13
3762	25
3763	45
3764	10
3765	75
3766	44
3767	63
3768	7
3769	10
3770	29
3771	11
3772	32
3773	51
3774	13
3775	15
3776	17
3777	49
3778	6
3779	58
3780	44
3781	7
3782	47
3783	19
3784	6
3785	7
3786	7
3787	58
3788	60
3789	11
3790	3
3791	70
3792	6
3793	58
3794	6
3795	11
3796	13
3797	44
3798	26
3799	83
3800	6
3801	33
3802	44
3803	7
3804	39
3805	39
3806	7
3807	1
3808	39
3809	3
3810	11
3811	39
3812	1
3813	37
3814	41
3815	64
3816	58
3817	72
3818	11
3819	6
3820	31
3821	7
3822	23
3823	39
3824	16
3825	31
3826	60
3827	7
3828	44
3829	49
3830	44
3831	11
3832	58
3833	36
3834	31
3835	79
3836	37
3837	7
3838	31
3839	31
3840	51
3841	6
3842	36
3843	49
3844	29
3845	41
3846	56
3847	37
3848	7
3849	47
3850	11
3851	17
3852	61
3853	28
3854	49
3855	38
3856	31
3857	39
3858	81
3859	30
3860	31
3861	37
3862	87
3863	58
3864	7
3865	31
3866	10
3867	11
3868	7
3869	37
3870	28
3871	17
3872	47
3873	44
3874	37
3875	39
3876	13
3877	34
3878	15
3879	39
3880	31
3881	81
3882	6
3883	11
3884	47
3885	23
3886	37
3887	79
3888	27
3889	81
3890	1
3891	37
3892	58
3893	31
3894	30
3895	20
3896	26
3897	37
3898	77
3899	6
3900	37
3901	44
3902	49
3903	49
3904	61
3905	44
3906	47
3907	44
3908	11
3909	51
3910	7
3911	40
3912	6
3913	37
3914	67
3915	39
3916	6
3917	37
3918	37
3919	64
3920	11
3921	29
3922	37
3923	50
3924	39
3925	49
3926	27
3927	14
3928	49
3929	42
3930	47
3931	2
3932	59
3933	39
3934	37
3935	47
3936	39
3937	39
3938	6
3939	1
3940	39
3941	11
3942	7
3943	7
3944	27
3945	67
3946	48
3947	3
3948	6
3949	47
3950	7
3951	37
3952	39
3953	13
3954	62
3955	49
3956	6
3957	44
3958	73
3959	39
3960	49
3961	1
3962	15
3963	42
3964	17
3965	81
3966	1
3967	44
3968	6
3969	1
3970	17
3971	6
3972	36
3973	88
3974	7
3975	37
3976	11
3977	11
3978	44
3979	81
3980	11
3981	89
3982	36
3983	37
3984	13
3985	7
3986	40
3987	6
3988	11
3989	7
3990	6
3991	50
3992	81
3993	50
3994	31
3995	47
3996	79
3997	58
3998	63
3999	32
4000	11
4001	58
4002	11
4003	47
4004	49
4005	6
4006	9
4007	37
4008	42
4009	50
4010	31
4011	1
4012	31
4013	64
4014	15
4015	49
4016	47
4017	80
4018	15
4019	11
4020	87
4021	35
4022	11
4023	17
4024	58
4025	41
4026	58
4027	49
4028	58
4029	87
4030	2
4031	5
4032	39
4033	72
4034	31
4035	81
4036	22
4037	58
4038	44
4039	3
4040	22
4041	10
4042	50
4043	73
4044	44
4045	31
4046	39
4047	39
4048	81
4049	11
4050	17
4051	42
4052	48
4053	7
4054	40
4055	58
4056	1
4057	7
4058	52
4059	11
4060	44
4061	44
4062	50
4063	44
4064	31
4065	37
4066	44
4067	20
4068	37
4069	3
4070	47
4071	11
4072	50
4073	18
4074	26
4075	42
4076	44
4077	30
4078	13
4079	17
4080	50
4081	22
4082	47
4083	7
4084	6
4085	31
4086	11
4087	31
4088	44
4089	11
4090	68
4091	7
4092	7
4093	6
4094	48
4095	37
4096	51
4097	49
4098	39
4099	67
4100	47
4101	58
4102	82
4103	31
4104	40
4105	50
4106	18
4107	81
4108	10
4109	73
4110	50
4111	22
4112	13
4113	26
4114	67
4115	87
4116	61
4117	37
4118	52
4119	74
4120	40
4121	49
4122	51
4123	44
4124	47
4125	80
4126	72
4127	9
4128	50
4129	50
4130	50
4131	61
4132	52
4133	37
4134	31
4135	61
4136	58
4137	40
4138	85
4139	58
4140	44
4141	30
4142	44
4143	73
4144	50
4145	8
4146	61
4147	47
4148	17
4149	61
4150	49
4151	27
4152	6
4153	5
4154	37
4155	73
4156	61
4157	33
4158	6
4159	51
4160	50
4161	31
4162	75
4163	90
4164	61
4165	69
4166	61
4167	7
4168	44
4169	62
4170	40
4171	44
4172	49
4173	35
4174	49
4175	11
4176	79
4177	28
4178	67
4179	15
4180	31
4181	50
4182	44
4183	44
4184	44
4185	6
4186	77
4187	19
4188	6
4189	51
4190	6
4191	5
4192	51
4193	30
4194	51
4195	51
4196	31
4197	11
4198	7
4199	15
4200	48
4201	7
4202	11
4203	39
4204	61
4205	48
4206	18
4207	61
4208	44
4209	35
4210	6
4211	51
4212	22
4213	58
4214	15
4215	44
4216	52
4217	65
4218	67
4219	49
4220	47
4221	83
4222	44
4223	61
4224	47
4225	6
4226	32
4227	35
4228	84
4229	51
4230	35
4231	43
4232	11
4233	2
4234	40
4235	48
4236	58
4237	10
4238	65
4239	66
4240	6
4241	50
4242	29
4243	31
4244	47
4245	39
4246	11
4247	44
4248	6
4249	9
4250	44
4251	67
4252	42
4253	90
4254	89
4255	9
4256	44
4257	37
4258	11
4259	26
4260	29
4261	50
4262	61
4263	9
4264	71
4265	3
4266	15
4267	41
4268	6
4269	57
4270	24
4271	56
4272	48
4273	1
4274	11
4275	28
4276	39
4277	51
4278	6
4279	80
4280	44
4281	73
4282	47
4283	31
4284	81
4285	11
4286	44
4287	49
4288	6
4289	2
4290	50
4291	50
4292	41
4293	33
4294	39
4295	31
4296	32
4297	63
4298	38
4299	50
4300	37
4301	44
4302	22
4303	51
4304	44
4305	88
4306	29
4307	66
4308	6
4309	50
4310	47
4311	67
4312	50
4313	60
4314	89
4315	6
4316	78
4317	3
4318	39
4319	3
4320	6
4321	6
4322	5
4323	71
4324	71
4325	37
4326	89
4327	6
4328	70
4329	41
4330	35
4331	89
4332	4
4333	62
4334	44
4335	50
4336	31
4337	9
4338	55
4339	44
4340	56
4341	31
4342	36
4343	73
4344	15
4345	28
4346	23
4347	51
4348	76
4349	67
4350	6
4351	76
4352	47
4353	71
4354	50
4355	39
4356	57
4357	69
4358	82
4359	79
4360	79
4361	50
4362	50
4363	68
4364	27
4365	36
4366	3
4367	3
4368	47
4369	55
4370	6
4371	55
4372	12
4373	30
4374	6
4375	67
4376	39
4377	27
4378	64
4379	39
4380	56
4381	31
4382	58
4383	18
4384	55
4385	50
4386	87
4387	27
4388	6
4389	6
4390	6
4391	50
4392	71
4393	44
4394	53
4395	26
4396	6
4397	71
4398	16
4399	61
4400	37
4401	58
4402	26
4403	61
4404	55
4405	6
4406	51
4407	44
4408	28
4409	61
4410	84
4411	39
4412	31
4413	40
4414	17
4415	72
4416	81
4417	39
4418	36
4419	83
4420	46
4421	39
4422	61
4423	81
4424	67
4425	70
4426	51
4427	53
4428	77
4429	82
4430	34
4431	25
4432	6
4433	61
4434	50
4435	51
4436	36
4437	61
4438	2
4439	6
4440	53
4441	6
4442	39
4443	39
4444	32
4445	51
4446	58
4447	11
4448	50
4449	6
4450	25
4451	71
4452	55
4453	6
4454	67
4455	34
4456	6
4457	6
4458	84
4459	42
4460	84
4461	42
4462	39
4463	58
4464	84
4465	61
4466	34
4467	37
4468	44
4469	81
4470	47
4471	84
4472	44
4473	56
4474	51
4475	11
4476	47
4477	44
4478	61
4479	51
4480	1
4481	50
4482	50
4483	29
4484	1
4485	44
4486	65
4487	51
4488	2
4489	30
4490	29
4491	50
4492	39
4493	27
4494	81
4495	40
4496	6
4497	6
4498	47
4499	67
4500	37
4501	1
4502	19
4503	58
4504	26
4505	2
4506	6
4507	81
4508	58
4509	18
4510	55
4511	44
4512	25
4513	24
4514	31
4515	26
4516	42
4517	25
4518	75
4519	36
4520	39
4521	6
4522	85
4523	37
4524	6
4525	31
4526	22
4527	11
4528	85
4529	1
4530	51
4531	81
4532	44
4533	1
4534	57
4535	22
4536	66
4537	79
4538	35
4539	67
4540	47
4541	39
4542	81
4543	31
4544	6
4545	52
4546	51
4547	61
4548	30
4549	6
4550	67
4551	5
4552	38
4553	31
4554	67
4555	50
4556	1
4557	47
4558	60
4559	69
4560	81
4561	83
4562	55
4563	28
4564	1
4565	44
4566	6
4567	51
4568	44
4569	1
4570	81
4571	31
4572	22
4573	44
4574	69
4575	64
4576	80
4577	68
4578	10
4579	81
4580	54
4581	42
4582	53
4583	10
4584	17
4585	22
4586	17
4587	11
4588	50
4589	52
4590	6
4591	11
4592	35
4593	30
4594	57
4595	11
4596	5
4597	51
4598	64
4599	60
4600	43
4601	44
4602	85
4603	46
4604	44
4605	52
4606	51
4607	36
4608	44
4609	39
4610	7
4611	53
4612	53
4613	90
4614	44
4615	77
4616	7
4617	56
4618	16
4619	12
4620	31
4621	11
4622	27
4623	42
4624	6
4625	17
4626	61
4627	55
4628	39
4629	85
4630	31
4631	49
4632	6
4633	7
4634	35
4635	28
4636	6
4637	47
4638	6
4639	17
4640	27
4641	12
4642	3
4643	7
4644	77
4645	6
4646	7
4647	50
4648	69
4649	7
4650	6
4651	39
4652	71
4653	48
4654	15
4655	81
4656	28
4657	5
4658	54
4659	7
4660	58
4661	50
4662	57
4663	39
4664	37
4665	51
4666	17
4667	28
4668	61
4669	61
4670	6
4671	13
4672	57
4673	51
4674	51
4675	17
4676	44
4677	29
4678	1
4679	46
4680	11
4681	15
4682	22
4683	44
4684	1
4685	58
4686	7
4687	76
4688	56
4689	50
4690	44
4691	44
4692	6
4693	44
4694	72
4695	6
4696	5
4697	6
4698	44
4699	64
4700	15
4701	41
4702	44
4703	39
4704	7
4705	45
4706	7
4707	7
4708	47
4709	52
4710	51
4711	13
4712	44
4713	37
4714	3
4715	61
4716	27
4717	66
4718	7
4719	17
4720	6
4721	17
4722	47
4723	57
4724	17
4725	44
4726	6
4727	6
4728	31
4729	35
4730	56
4731	15
4732	6
4733	51
4734	37
4735	37
4736	66
4737	86
4738	56
4739	61
4740	25
4741	13
4742	47
4743	13
4744	4
4745	39
4746	1
4747	6
4748	35
4749	55
4750	62
4751	89
4752	49
4753	44
4754	51
4755	37
4756	6
4757	6
4758	52
4759	17
4760	5
4761	17
4762	44
4763	81
4764	44
4765	3
4766	58
4767	81
4768	39
4769	49
4770	17
4771	5
4772	58
4773	43
4774	7
4775	44
4776	7
4777	50
4778	7
4779	63
4780	45
4781	2
4782	42
4783	31
4784	56
4785	44
4786	6
4787	75
4788	6
4789	7
4790	38
4791	14
4792	44
4793	36
4794	36
4795	6
4796	80
4797	1
4798	53
4799	31
4800	82
4801	7
4802	48
4803	44
4804	52
4805	47
4806	72
4807	51
4808	6
4809	39
4810	16
4811	50
4812	44
4813	29
4814	48
4815	49
4816	6
4817	48
4818	58
4819	22
4820	16
4821	48
4822	51
4823	47
4824	7
4825	81
4826	81
4827	64
4828	49
4829	57
4830	49
4831	55
4832	44
4833	64
4834	81
4835	39
4836	16
4837	6
4838	64
4839	43
4840	39
4841	7
4842	7
4843	18
4844	89
4845	28
4846	7
4847	79
4848	37
4849	39
4850	71
4851	70
4852	66
4853	66
4854	64
4855	71
4856	44
4857	7
4858	49
4859	35
4860	15
4861	37
4862	71
4863	31
4864	61
4865	3
4866	56
4867	6
4868	58
4869	6
4870	6
4871	58
4872	6
4873	81
4874	60
4875	13
4876	40
4877	55
4878	36
4879	50
4880	23
4881	39
4882	24
4883	55
4884	27
4885	67
4886	7
4887	69
4888	56
4889	65
4890	6
4891	28
4892	69
4893	1
4894	18
4895	51
4896	49
4897	44
4898	71
4899	78
4900	44
4901	6
4902	41
4903	30
4904	44
4905	55
4906	30
4907	44
4908	53
4909	51
4910	15
4911	50
4912	79
4913	39
4914	30
4915	48
4916	3
4917	49
4918	11
4919	58
4920	73
4921	48
4922	27
4923	16
4924	81
4925	7
4926	44
4927	40
4928	7
4929	1
4930	55
4931	17
4932	61
4933	7
4934	61
4935	48
4936	6
4937	2
4938	53
4939	7
4940	50
4941	88
4942	67
4943	71
4944	2
4945	30
4946	42
4947	33
4948	44
4949	6
4950	40
4951	79
4952	72
4953	39
4954	34
4955	49
4956	17
4957	44
4958	1
4959	30
4960	30
4961	80
4962	50
4963	79
4964	3
4965	38
4966	52
4967	37
4968	47
4969	73
4970	1
4971	2
4972	44
4973	51
4974	44
4975	30
4976	72
4977	27
4978	7
4979	7
4980	73
4981	44
4982	45
4983	49
4984	7
4985	60
4986	67
4987	27
4988	45
4989	7
4990	24
4991	44
4992	6
4993	21
4994	47
4995	81
4996	71
4997	61
4998	29
4999	2
5000	49
5001	40
5002	48
5003	15
5004	3
5005	78
5006	67
5007	6
5008	3
5009	11
5010	69
5011	81
5012	17
5013	15
5014	76
5015	21
5016	26
5017	11
5018	49
5019	79
5020	27
5021	17
5022	7
5023	7
5024	79
5025	13
5026	14
5027	9
5028	17
5029	75
5030	15
5031	26
5032	40
5033	63
5034	69
5035	23
5036	49
5037	17
5038	52
5039	73
5040	44
5041	44
5042	6
5043	52
5044	23
5045	84
5046	2
5047	13
5048	51
5049	84
5050	6
5051	13
5052	44
5053	79
5054	6
5055	7
5056	44
5057	6
5058	58
5059	37
5060	73
5061	2
5062	26
5063	39
5064	69
5065	1
5066	44
5067	44
5068	67
5069	67
5070	67
5071	59
5072	85
5073	49
5074	50
5075	6
5076	50
5077	22
5078	78
5079	27
5080	5
5081	15
5082	37
5083	1
5084	66
5085	7
5086	6
5087	41
5088	22
5089	28
5090	5
5091	22
5092	58
5093	58
5094	42
5095	49
5096	5
5097	22
5098	6
5099	55
5100	57
5101	85
5102	36
5103	49
5104	69
5105	71
5106	53
5107	58
5108	85
5109	59
5110	17
5111	81
5112	55
5113	6
5114	44
5115	87
5116	50
5117	76
5118	10
5119	40
5120	5
5121	11
5122	13
5123	39
5124	6
5125	58
5126	35
5127	77
5128	46
5129	18
5130	6
5131	7
5132	61
5133	85
5134	40
5135	58
5136	61
5137	61
5138	67
5139	39
5140	40
5141	3
5142	6
5143	55
5144	58
5145	77
5146	52
5147	30
5148	7
5149	58
5150	51
5151	63
5152	39
5153	33
5154	36
5155	11
5156	18
5157	64
5158	30
5159	37
5160	6
5161	7
5162	31
5163	41
5164	7
5165	51
5166	37
5167	11
5168	37
5169	11
5170	11
5171	37
5172	61
5173	61
5174	50
5175	61
5176	61
5177	72
5178	12
5179	41
5180	49
5181	41
5182	37
5183	58
5184	7
5185	7
5186	13
5187	13
5188	58
5189	67
5190	11
5191	17
5192	44
5193	7
5194	58
5195	34
5196	58
5197	49
5198	22
5199	37
5200	17
5201	49
5202	41
5203	37
5204	11
5205	49
5206	37
5207	37
5208	22
5209	7
5210	37
5211	13
5212	7
5213	58
5214	6
5215	50
5216	11
5217	11
5218	41
5219	37
5220	52
5221	7
5222	6
5223	67
5224	40
5225	58
5226	42
5227	60
5228	7
5229	1
5230	44
5231	90
5232	3
5233	3
5234	61
5235	82
5236	7
5237	51
5238	44
5239	34
5240	37
5241	44
5242	37
5243	37
5244	2
5245	22
5246	57
5247	22
5248	37
5249	50
5250	3
5251	7
5252	43
5253	6
5254	49
5255	46
5256	22
5257	28
5258	6
5259	73
5260	37
5261	56
5262	37
5263	36
5264	37
5265	58
5266	34
5267	58
5268	57
5269	37
5270	6
5271	67
5272	7
5273	56
5274	61
5275	11
5276	6
5277	50
5278	37
5279	84
5280	7
5281	47
5282	35
5283	47
5284	7
5285	37
5286	6
5287	11
5288	37
5289	56
5290	11
5291	47
5292	61
5293	67
5294	22
5295	37
5296	47
5297	44
5298	6
5299	15
5300	58
5301	44
5302	47
5303	26
5304	2
5305	59
5306	37
5307	37
5308	62
5309	6
5310	58
5311	37
5312	15
5313	61
5314	11
5315	58
5316	51
5317	48
5318	32
5319	10
5320	47
5321	37
5322	47
5323	48
5324	7
5325	40
5326	78
5327	57
5328	26
5329	61
5330	6
5331	51
5332	6
5333	7
5334	47
5335	31
5336	6
5337	37
5338	11
5339	58
5340	47
5341	19
5342	50
5343	6
5344	47
5345	55
5346	56
5347	58
5348	51
5349	37
5350	11
5351	87
5352	58
5353	11
5354	58
5355	58
5356	7
5357	52
5358	44
5359	31
5360	7
5361	18
5362	80
5363	46
5364	44
5365	37
5366	49
5367	37
5368	55
5369	42
5370	37
5371	58
5372	58
5373	6
5374	44
5375	3
5376	58
5377	61
5378	84
5379	46
5380	51
5381	67
5382	73
5383	55
5384	10
5385	7
5386	67
5387	6
5388	26
5389	31
5390	64
5391	86
5392	74
5393	39
5394	31
5395	19
5396	30
5397	30
5398	24
5399	44
5400	11
5401	70
5402	44
5403	49
5404	7
5405	51
5406	47
5407	27
5408	31
5409	40
5410	36
5411	58
5412	7
5413	27
5414	58
5415	84
5416	64
5417	31
5418	47
5419	58
5420	67
5421	58
5422	47
5423	58
5424	30
5425	44
5426	7
5427	7
5428	30
5429	11
5430	44
5431	31
5432	7
5433	6
5434	6
5435	80
5436	6
5437	32
5438	55
5439	51
5440	31
5441	31
5442	58
5443	45
5444	27
5445	37
5446	7
5447	58
5448	11
5449	79
5450	31
5451	49
5452	31
5453	11
5454	37
5455	42
5456	42
5457	44
5458	3
5459	47
5460	27
5461	25
5462	58
5463	84
5464	6
5465	27
5466	40
5467	58
5468	7
5469	37
5470	63
5471	58
5472	88
5473	39
5474	6
5475	73
5476	85
5477	3
5478	11
5479	67
5480	53
5481	47
5482	37
5483	12
5484	47
5485	7
5486	7
5487	11
5488	6
5489	39
5490	11
5491	11
5492	47
5493	6
5494	58
5495	50
5496	55
5497	58
5498	13
5499	31
5500	44
5501	81
5502	37
5503	50
5504	37
5505	78
5506	40
5507	7
5508	75
5509	7
5510	31
5511	73
5512	31
5513	44
5514	27
5515	51
5516	44
5517	65
5518	4
5519	37
5520	6
5521	7
5522	87
5523	51
5524	2
5525	52
5526	9
5527	66
5528	37
5529	22
5530	6
5531	11
5532	31
5533	11
5534	53
5535	7
5536	67
5537	64
5538	6
5539	6
5540	51
5541	34
5542	7
5543	1
5544	47
5545	79
5546	58
5547	47
5548	44
5549	58
5550	44
5551	30
5552	81
5553	11
5554	22
5555	58
5556	11
5557	47
5558	7
5559	31
5560	76
5561	37
5562	63
5563	81
5564	58
5565	47
5566	58
5567	58
5568	53
5569	47
5570	44
5571	44
5572	47
5573	61
5574	47
5575	46
5576	11
5577	11
5578	11
5579	40
5580	44
5581	7
5582	7
5583	31
5584	1
5585	37
5586	67
5587	11
5588	58
5589	37
5590	47
5591	7
5592	37
5593	37
5594	37
5595	64
5596	58
5597	7
5598	40
5599	5
5600	62
5601	84
5602	4
5603	11
5604	44
5605	71
5606	15
5607	84
5608	51
5609	81
5610	55
5611	58
5612	53
5613	31
5614	31
5615	6
5616	37
5617	11
5618	6
5619	37
5620	7
5621	15
5622	70
5623	47
5624	15
5625	18
5626	58
5627	7
5628	44
5629	7
5630	52
5631	47
5632	7
5633	51
5634	74
5635	57
5636	11
5637	81
5638	58
5639	81
5640	47
5641	22
5642	47
5643	57
5644	31
5645	19
5646	48
5647	7
5648	37
5649	89
5650	11
5651	47
5652	3
5653	6
5654	11
5655	31
5656	6
5657	58
5658	72
5659	6
5660	41
5661	14
5662	7
5663	31
5664	44
5665	48
5666	1
5667	33
5668	44
5669	17
5670	85
5671	47
5672	11
5673	85
5674	11
5675	44
5676	44
5677	44
5678	47
5679	15
5680	72
5681	6
5682	47
5683	85
5684	47
5685	31
5686	6
5687	31
5688	37
5689	58
5690	6
5691	7
5692	17
5693	40
5694	18
5695	35
5696	11
5697	46
5698	36
5699	6
5700	63
5701	48
5702	47
5703	63
5704	2
5705	31
5706	44
5707	52
5708	38
5709	11
5710	13
5711	47
5712	27
5713	7
5714	48
5715	31
5716	6
5717	61
5718	58
5719	31
5720	42
5721	49
5722	52
5723	47
5724	31
5725	7
5726	58
5727	6
5728	31
5729	47
5730	31
5731	58
5732	63
5733	6
5734	46
5735	49
5736	37
5737	58
5738	44
5739	85
5740	7
5741	31
5742	13
5743	51
5744	13
5745	31
5746	47
5747	47
5748	11
5749	47
5750	6
5751	44
5752	47
5753	31
5754	31
5755	6
5756	58
5757	31
5758	61
5759	44
5760	6
5761	1
5762	7
5763	6
5764	7
5765	3
5766	31
5767	11
5768	11
5769	61
5770	15
5771	6
5772	44
5773	11
5774	48
5775	31
5776	26
5777	31
5778	31
5779	6
5780	6
5781	58
5782	57
5783	58
5784	58
5785	81
5786	58
5787	29
5788	82
5789	6
5790	6
5791	47
5792	47
5793	7
5794	47
5795	58
5796	6
5797	7
5798	37
5799	31
5800	76
5801	22
5802	49
5803	13
5804	6
5805	15
5806	48
5807	37
5808	22
5809	13
5810	6
5811	15
5812	7
5813	37
5814	13
5815	44
5816	6
5817	7
5818	31
5819	7
5820	81
5821	1
5822	4
5823	47
5824	46
5825	6
5826	49
5827	44
5828	6
5829	47
5830	57
5831	11
5832	58
5833	10
5834	31
5835	13
5836	33
5837	39
5838	49
5839	39
5840	35
5841	15
5842	37
5843	9
5844	44
5845	39
5846	47
5847	14
5848	11
5849	31
5850	34
5851	44
5852	46
5853	41
5854	46
5855	37
5856	44
5857	61
5858	37
5859	81
5860	58
5861	47
5862	18
5863	7
5864	55
5865	73
5866	44
5867	6
5868	11
5869	58
5870	7
5871	39
5872	10
5873	47
5874	58
5875	47
5876	89
5877	6
5878	58
5879	37
5880	58
5881	17
5882	15
5883	51
5884	85
5885	7
5886	9
5887	26
5888	73
5889	6
5890	58
5891	47
5892	39
5893	73
5894	52
5895	15
5896	7
5897	11
5898	37
5899	47
5900	17
5901	1
5902	11
5903	58
5904	79
5905	44
5906	6
5907	39
5908	47
5909	39
5910	47
5911	81
5912	7
5913	81
5914	73
5915	55
5916	77
5917	78
5918	41
5919	67
5920	37
5921	58
5922	36
5923	47
5924	36
5925	10
5926	44
5927	58
5928	64
5929	44
5930	73
5931	11
5932	47
5933	48
5934	11
5935	40
5936	48
5937	13
5938	67
5939	7
5940	47
5941	47
5942	47
5943	44
5944	37
5945	56
5946	37
5947	11
5948	19
5949	7
5950	11
5951	44
5952	90
5953	44
5954	15
5955	69
5956	26
5957	51
5958	58
5959	6
5960	79
5961	12
5962	47
5963	49
5964	67
5965	58
5966	31
5967	37
5968	7
5969	25
5970	49
5971	17
5972	58
5973	37
5974	7
5975	39
5976	39
5977	7
5978	30
5979	39
5980	7
5981	47
5982	31
5983	58
5984	71
5985	58
5986	67
5987	29
5988	6
5989	49
5990	7
5991	58
5992	1
5993	49
5994	11
5995	3
5996	39
5997	13
5998	52
5999	30
6000	58
6001	58
6002	2
6003	89
6004	35
6005	11
6006	62
6007	11
6008	44
6009	6
6010	39
6011	37
6012	52
6013	47
6014	31
6015	3
6016	53
6017	6
6018	39
6019	44
6020	7
6021	39
6022	44
6023	47
6024	40
6025	7
6026	44
6027	37
6028	6
6029	37
6030	6
6031	7
6032	6
6033	50
6034	7
6035	71
6036	13
6037	11
6038	48
6039	31
6040	53
6041	72
6042	37
6043	87
6044	50
6045	67
6046	58
6047	31
6048	37
6049	89
6050	11
6051	11
6052	44
6053	17
6054	39
6055	42
6056	44
6057	44
6058	11
6059	47
6060	31
6061	48
6062	11
6063	58
6064	6
6065	11
6066	50
6067	80
6068	17
6069	52
6070	50
6071	47
6072	50
6073	48
6074	6
6075	44
6076	71
6077	34
6078	48
6079	7
6080	49
6081	2
6082	37
6083	58
6084	23
6085	82
6086	50
6087	84
6088	39
6089	34
6090	44
6091	39
6092	58
6093	69
6094	49
6095	58
6096	39
6097	2
6098	44
6099	1
6100	6
6101	26
6102	40
6103	47
6104	73
6105	58
6106	31
6107	16
6108	30
6109	31
6110	71
6111	59
6112	7
6113	37
6114	37
6115	58
6116	50
6117	58
6118	15
6119	17
6120	50
6121	36
6122	27
6123	43
6124	57
6125	47
6126	38
6127	15
6128	7
6129	55
6130	81
6131	47
6132	11
6133	37
6134	9
6135	57
6136	58
6137	37
6138	44
6139	15
6140	40
6141	37
6142	31
6143	50
6144	49
6145	37
6146	45
6147	53
6148	50
6149	51
6150	47
6151	2
6152	47
6153	62
6154	55
6155	47
6156	39
6157	39
6158	6
6159	50
6160	58
6161	53
6162	56
6163	78
6164	4
6165	3
6166	40
6167	47
6168	1
6169	28
6170	39
6171	37
6172	12
6173	73
6174	15
6175	20
6176	39
6177	51
6178	31
6179	61
6180	39
6181	55
6182	85
6183	80
6184	61
6185	51
6186	47
6187	51
6188	44
6189	7
6190	77
6191	7
6192	67
6193	11
6194	34
6195	46
6196	6
6197	37
6198	6
6199	44
6200	31
6201	82
6202	69
6203	44
6204	18
6205	40
6206	6
6207	35
6208	35
6209	75
6210	67
6211	53
6212	15
6213	51
6214	41
6215	50
6216	39
6217	47
6218	37
6219	41
6220	47
6221	44
6222	50
6223	40
6224	45
6225	51
6226	61
6227	72
6228	11
6229	18
6230	36
6231	48
6232	44
6233	41
6234	44
6235	47
6236	8
6237	50
6238	11
6239	56
6240	58
6241	28
6242	73
6243	15
6244	31
6245	15
6246	50
6247	11
6248	34
6249	67
6250	63
6251	35
6252	45
6253	35
6254	6
6255	49
6256	61
6257	58
6258	31
6259	20
6260	45
6261	6
6262	35
6263	44
6264	52
6265	6
6266	39
6267	52
6268	11
6269	49
6270	11
6271	59
6272	58
6273	47
6274	50
6275	59
6276	37
6277	67
6278	13
6279	31
6280	43
6281	37
6282	31
6283	50
6284	65
6285	43
6286	47
6287	67
6288	44
6289	50
6290	27
6291	6
6292	6
6293	7
6294	6
6295	47
6296	47
6297	79
6298	67
6299	42
6300	68
6301	51
6302	44
6303	51
6304	26
6305	44
6306	13
6307	11
6308	29
6309	24
6310	61
6311	66
6312	6
6313	54
6314	39
6315	47
6316	69
6317	6
6318	50
6319	47
6320	61
6321	26
6322	58
6323	50
6324	38
6325	57
6326	20
6327	47
6328	40
6329	8
6330	81
6331	48
6332	6
6333	61
6334	44
6335	6
6336	58
6337	59
6338	11
6339	44
6340	51
6341	51
6342	40
6343	58
6344	58
6345	66
6346	6
6347	68
6348	3
6349	61
6350	40
6351	47
6352	55
6353	6
6354	71
6355	37
6356	39
6357	29
6358	50
6359	44
6360	67
6361	44
6362	85
6363	29
6364	57
6365	58
6366	39
6367	3
6368	50
6369	37
6370	39
6371	61
6372	4
6373	44
6374	41
6375	56
6376	44
6377	61
6378	11
6379	39
6380	53
6381	39
6382	11
6383	61
6384	5
6385	22
6386	13
6387	40
6388	88
6389	11
6390	40
6391	39
6392	29
6393	43
6394	67
6395	50
6396	40
6397	60
6398	6
6399	39
6400	50
6401	4
6402	27
6403	50
6404	29
6405	47
6406	67
6407	79
6408	40
6409	30
6410	6
6411	79
6412	61
6413	50
6414	64
6415	64
6416	36
6417	11
6418	37
6419	36
6420	69
6421	64
6422	28
6423	51
6424	6
6425	50
6426	64
6427	6
6428	44
6429	47
6430	12
6431	44
6432	66
6433	64
6434	73
6435	81
6436	50
6437	67
6438	34
6439	46
6440	81
6441	26
6442	58
6443	28
6444	47
6445	55
6446	49
6447	22
6448	6
6449	50
6450	72
6451	30
6452	28
6453	53
6454	44
6455	50
6456	31
6457	6
6458	61
6459	55
6460	80
6461	30
6462	6
6463	53
6464	55
6465	16
6466	90
6467	51
6468	73
6469	62
6470	23
6471	81
6472	37
6473	4
6474	70
6475	39
6476	6
6477	77
6478	47
6479	44
6480	44
6481	78
6482	34
6483	45
6484	84
6485	47
6486	2
6487	31
6488	44
6489	6
6490	51
6491	58
6492	79
6493	39
6494	76
6495	58
6496	61
6497	86
6498	37
6499	61
6500	6
6501	30
6502	24
6503	47
6504	29
6505	84
6506	13
6507	29
6508	65
6509	50
6510	53
6511	44
6512	6
6513	73
6514	55
6515	42
6516	64
6517	40
6518	61
6519	50
6520	10
6521	44
6522	34
6523	73
6524	31
6525	84
6526	3
6527	42
6528	27
6529	54
6530	81
6531	61
6532	6
6533	37
6534	61
6535	30
6536	47
6537	44
6538	50
6539	40
6540	79
6541	51
6542	73
6543	37
6544	26
6545	51
6546	1
6547	82
6548	67
6549	10
6550	6
6551	44
6552	1
6553	22
6554	71
6555	39
6556	47
6557	11
6558	39
6559	36
6560	44
6561	76
6562	64
6563	81
6564	77
6565	59
6566	51
6567	42
6568	44
6569	81
6570	31
6571	61
6572	51
6573	39
6574	71
6575	44
6576	64
6577	64
6578	28
6579	53
6580	1
6581	51
6582	11
6583	51
6584	51
6585	61
6586	2
6587	50
6588	44
6589	47
6590	79
6591	44
6592	66
6593	72
6594	27
6595	81
6596	36
6597	10
6598	81
6599	53
6600	5
6601	6
6602	44
6603	65
6604	61
6605	54
6606	1
6607	44
6608	57
6609	35
6610	58
6611	25
6612	6
6613	1
6614	79
6615	4
6616	52
6617	44
6618	26
6619	6
6620	39
6621	15
6622	6
6623	59
6624	6
6625	15
6626	36
6627	37
6628	44
6629	67
6630	89
6631	11
6632	6
6633	66
6634	11
6635	31
6636	11
6637	85
6638	39
6639	26
6640	47
6641	52
6642	31
6643	31
6644	51
6645	5
6646	44
6647	31
6648	47
6649	37
6650	48
6651	31
6652	44
6653	51
6654	48
6655	58
6656	7
6657	18
6658	7
6659	22
6660	2
6661	51
6662	55
6663	44
6664	61
6665	37
6666	15
6667	48
6668	31
6669	27
6670	39
6671	35
6672	39
6673	51
6674	76
6675	8
6676	38
6677	48
6678	57
6679	30
6680	7
6681	7
6682	62
6683	81
6684	30
6685	52
6686	39
6687	11
6688	70
6689	44
6690	22
6691	7
6692	37
6693	70
6694	41
6695	44
6696	86
6697	6
6698	26
6699	68
6700	11
6701	1
6702	12
6703	47
6704	6
6705	50
6706	6
6707	5
6708	54
6709	47
6710	1
6711	51
6712	13
6713	17
6714	39
6715	13
6716	47
6717	50
6718	42
6719	35
6720	17
6721	50
6722	44
6723	46
6724	6
6725	14
6726	49
6727	6
6728	50
6729	23
6730	6
6731	84
6732	63
6733	17
6734	7
6735	28
6736	44
6737	44
6738	7
6739	7
6740	64
6741	15
6742	47
6743	35
6744	7
6745	7
6746	7
6747	44
6748	49
6749	1
6750	69
6751	6
6752	44
6753	44
6754	6
6755	6
6756	58
6757	58
6758	7
6759	89
6760	49
6761	31
6762	6
6763	6
6764	7
6765	53
6766	44
6767	76
6768	21
6769	7
6770	50
6771	50
6772	49
6773	85
6774	7
6775	7
6776	61
6777	7
6778	5
6779	31
6780	50
6781	15
6782	85
6783	47
6784	6
6785	39
6786	1
6787	38
6788	48
6789	1
6790	9
6791	64
6792	31
6793	3
6794	29
6795	44
6796	68
6797	15
6798	3
6799	18
6800	37
6801	7
6802	17
6803	6
6804	44
6805	69
6806	7
6807	7
6808	69
6809	7
6810	22
6811	44
6812	15
6813	6
6814	36
6815	74
6816	54
6817	44
6818	7
6819	59
6820	37
6821	39
6822	29
6823	58
6824	71
6825	76
6826	81
6827	42
6828	61
6829	39
6830	13
6831	72
6832	81
6833	1
6834	6
6835	44
6836	3
6837	47
6838	36
6839	15
6840	7
6841	6
6842	39
6843	6
6844	53
6845	39
6846	61
6847	72
6848	15
6849	17
6850	49
6851	6
6852	29
6853	44
6854	84
6855	6
6856	47
6857	50
6858	6
6859	38
6860	8
6861	23
6862	49
6863	50
6864	87
6865	44
6866	2
6867	44
6868	6
6869	17
6870	81
6871	81
6872	7
6873	39
6874	50
6875	17
6876	7
6877	74
6878	43
6879	9
6880	50
6881	35
6882	61
6883	3
6884	5
6885	55
6886	44
6887	7
6888	57
6889	55
6890	23
6891	41
6892	6
6893	59
6894	50
6895	71
6896	59
6897	44
6898	8
6899	13
6900	28
6901	6
6902	3
6903	48
6904	26
6905	6
6906	78
6907	55
6908	66
6909	7
6910	6
6911	81
6912	64
6913	17
6914	74
6915	49
6916	7
6917	44
6918	17
6919	7
6920	31
6921	46
6922	31
6923	44
6924	11
6925	17
6926	44
6927	30
6928	6
6929	47
6930	36
6931	57
6932	30
6933	13
6934	45
6935	55
6936	67
6937	39
6938	3
6939	3
6940	29
6941	7
6942	7
6943	61
6944	72
6945	65
6946	5
6947	7
6948	1
6949	7
6950	49
6951	33
6952	40
6953	73
6954	44
6955	67
6956	67
6957	47
6958	44
6959	80
6960	73
6961	64
6962	7
6963	67
6964	1
6965	40
6966	40
6967	7
6968	50
6969	7
6970	39
6971	30
6972	6
6973	29
6974	81
6975	39
6976	48
6977	15
6978	38
6979	83
6980	15
6981	44
6982	40
6983	56
6984	24
6985	50
6986	7
6987	81
6988	7
6989	40
6990	50
6991	7
6992	79
6993	25
6994	40
6995	13
6996	40
6997	81
6998	44
6999	61
7000	54
7001	57
7002	63
7003	49
7004	45
7005	40
7006	6
7007	44
7008	6
7009	6
7010	67
7011	47
7012	49
7013	50
7014	40
7015	64
7016	51
7017	56
7018	15
7019	58
7020	17
7021	59
7022	40
7023	44
7024	48
7025	44
7026	84
7027	90
7028	64
7029	1
7030	17
7031	70
7032	41
7033	44
7034	44
7035	67
7036	13
7037	67
7038	56
7039	51
7040	33
7041	55
7042	31
7043	50
7044	72
7045	50
7046	53
7047	51
7048	66
7049	67
7050	79
7051	2
7052	7
7053	39
7054	49
7055	6
7056	6
7057	6
7058	40
7059	49
7060	30
7061	84
7062	6
7063	7
7064	40
7065	27
7066	50
7067	7
7068	53
7069	44
7070	71
7071	44
7072	13
7073	44
7074	17
7075	18
7076	6
7077	50
7078	30
7079	49
7080	48
7081	50
7082	50
7083	7
7084	38
7085	48
7086	86
7087	6
7088	50
7089	39
7090	49
7091	64
7092	66
7093	38
7094	44
7095	6
7096	56
7097	64
7098	9
7099	64
7100	73
7101	81
7102	7
7103	22
7104	73
7105	40
7106	49
7107	65
7108	50
7109	10
7110	80
7111	6
7112	17
7113	57
7114	20
7115	58
7116	84
7117	39
7118	76
7119	70
7120	47
7121	58
7122	7
7123	22
7124	73
7125	1
7126	55
7127	6
7128	25
7129	61
7130	17
7131	48
7132	74
7133	73
7134	23
7135	87
7136	5
7137	35
7138	55
7139	58
7140	36
7141	44
7142	87
7143	58
7144	7
7145	35
7146	72
7147	61
7148	7
7149	81
7150	17
7151	58
7152	50
7153	44
7154	13
7155	40
7156	44
7157	71
7158	58
7159	66
7160	48
7161	48
7162	15
7163	69
7164	81
7165	26
7166	58
7167	73
7168	77
7169	1
7170	22
7171	7
7172	51
7173	44
7174	58
7175	13
7176	44
7177	1
7178	86
7179	17
7180	85
7181	44
7182	19
7183	81
7184	44
7185	61
7186	13
7187	47
7188	47
7189	74
7190	28
7191	48
7192	54
7193	63
7194	44
7195	58
7196	58
7197	7
7198	44
7199	57
7200	61
7201	83
7202	1
7203	44
7204	44
7205	44
7206	55
7207	6
7208	44
7209	31
7210	44
7211	44
7212	58
7213	17
7214	37
7215	44
7216	40
7217	37
7218	85
7219	58
7220	68
7221	52
7222	6
7223	31
7224	7
7225	4
7226	49
7227	44
7228	2
7229	58
7230	44
7231	1
7232	6
7233	7
7234	2
7235	39
7236	44
7237	6
7238	6
7239	36
7240	6
7241	7
7242	37
7243	14
7244	7
7245	44
7246	7
7247	37
7248	36
7249	7
7250	7
7251	80
7252	61
7253	44
7254	25
7255	13
7256	17
7257	7
7258	61
7259	7
7260	58
7261	11
7262	44
7263	26
7264	48
7265	77
7266	44
7267	11
7268	40
7269	7
7270	39
7271	67
7272	44
7273	50
7274	58
7275	41
7276	12
7277	6
7278	37
7279	58
7280	6
7281	58
7282	64
7283	48
7284	81
7285	27
7286	58
7287	72
7288	7
7289	58
7290	44
7291	58
7292	37
7293	41
7294	37
7295	41
7296	6
7297	44
7298	7
7299	44
7300	81
7301	51
7302	40
7303	11
7304	11
7305	27
7306	6
7307	7
7308	22
7309	37
7310	11
7311	6
7312	18
7313	58
7314	51
7315	8
7316	6
7317	25
7318	58
7319	10
7320	11
7321	11
7322	11
7323	56
7324	86
7325	37
7326	3
7327	7
7328	4
7329	53
7330	6
7331	44
7332	73
7333	8
7334	55
7335	82
7336	51
7337	50
7338	47
7339	7
7340	45
7341	58
7342	11
7343	55
7344	76
7345	4
7346	11
7347	58
7348	40
7349	80
7350	35
7351	65
7352	89
7353	61
7354	6
7355	17
7356	6
7357	6
7358	41
7359	37
7360	47
7361	39
7362	29
7363	26
7364	37
7365	47
7366	17
7367	11
7368	15
7369	44
7370	11
7371	44
7372	6
7373	11
7374	11
7375	44
7376	87
7377	6
7378	3
7379	61
7380	46
7381	44
7382	58
7383	39
7384	58
7385	69
7386	58
7387	37
7388	47
7389	29
7390	49
7391	37
7392	49
7393	37
7394	7
7395	31
7396	58
7397	71
7398	10
7399	40
7400	47
7401	37
7402	37
7403	37
7404	61
7405	37
7406	31
7407	6
7408	6
7409	61
7410	31
7411	7
7412	37
7413	79
7414	50
7415	6
7416	40
7417	47
7418	51
7419	31
7420	29
7421	60
7422	6
7423	6
7424	51
7425	6
7426	37
7427	79
7428	47
7429	37
7430	40
7431	56
7432	27
7433	58
7434	71
7435	37
7436	58
7437	7
7438	58
7439	58
7440	31
7441	22
7442	11
7443	11
7444	7
7445	10
7446	58
7447	31
7448	27
7449	62
7450	58
7451	58
7452	51
7453	31
7454	39
7455	7
7456	37
7457	11
7458	7
7459	51
7460	6
7461	44
7462	51
7463	47
7464	37
7465	58
7466	44
7467	7
7468	64
7469	54
7470	58
7471	31
7472	6
7473	81
7474	7
7475	53
7476	47
7477	58
7478	6
7479	44
7480	58
7481	39
7482	58
7483	40
7484	31
7485	50
7486	48
7487	50
7488	6
7489	47
7490	61
7491	11
7492	6
7493	7
7494	61
7495	7
7496	3
7497	81
7498	81
7499	37
7500	26
7501	7
7502	47
7503	50
7504	51
7505	30
7506	44
7507	7
7508	37
7509	47
7510	47
7511	6
7512	11
7513	7
7514	58
7515	70
7516	37
7517	47
7518	34
7519	37
7520	61
7521	7
7522	6
7523	59
7524	31
7525	37
7526	50
7527	47
7528	18
7529	44
7530	42
7531	58
7532	11
7533	17
7534	42
7535	58
7536	88
7537	6
7538	52
7539	6
7540	7
7541	53
7542	67
7543	44
7544	6
7545	66
7546	71
7547	7
7548	31
7549	44
7550	19
7551	42
7552	31
7553	37
7554	37
7555	42
7556	61
7557	47
7558	50
7559	82
7560	73
7561	44
7562	47
7563	6
7564	37
7565	26
7566	30
7567	79
7568	56
7569	31
7570	47
7571	81
7572	6
7573	31
7574	37
7575	11
7576	31
7577	30
7578	69
7579	81
7580	58
7581	27
7582	74
7583	85
7584	11
7585	11
7586	81
7587	61
7588	11
7589	81
7590	7
7591	53
7592	11
7593	11
7594	47
7595	11
7596	1
7597	6
7598	12
7599	51
7600	65
7601	59
7602	32
7603	6
7604	11
7605	47
7606	3
7607	69
7608	73
7609	27
7610	7
7611	11
7612	31
7613	7
7614	6
7615	7
7616	31
7617	7
7618	44
7619	51
7620	58
7621	51
7622	64
7623	44
7624	24
7625	73
7626	3
7627	7
7628	31
7629	22
7630	5
7631	31
7632	53
7633	51
7634	11
7635	31
7636	27
7637	11
7638	6
7639	7
7640	87
7641	84
7642	6
7643	81
7644	5
7645	35
7646	52
7647	47
7648	35
7649	11
7650	31
7651	37
7652	6
7653	31
7654	7
7655	12
7656	11
7657	40
7658	58
7659	58
7660	47
7661	47
7662	48
7663	17
7664	58
7665	30
7666	58
7667	37
7668	7
7669	71
7670	7
7671	70
7672	37
7673	44
7674	47
7675	6
7676	90
7677	56
7678	34
7679	11
7680	52
7681	15
7682	80
7683	31
7684	44
7685	44
7686	81
7687	31
7688	22
7689	40
7690	6
7691	58
7692	88
7693	44
7694	44
7695	37
7696	6
7697	44
7698	6
7699	88
7700	78
7701	6
7702	44
7703	7
7704	1
7705	58
7706	39
7707	31
7708	62
7709	88
7710	58
7711	47
7712	26
7713	39
7714	47
7715	37
7716	17
7717	31
7718	47
7719	37
7720	27
7721	11
7722	58
7723	55
7724	52
7725	47
7726	31
7727	37
7728	58
7729	7
7730	75
7731	58
7732	6
7733	73
7734	6
7735	44
7736	31
7737	37
7738	47
7739	37
7740	81
7741	57
7742	39
7743	6
7744	6
7745	11
7746	41
7747	11
7748	44
7749	80
7750	47
7751	81
7752	55
7753	53
7754	37
7755	6
7756	37
7757	58
7758	16
7759	13
7760	44
7761	44
7762	80
7763	7
7764	48
7765	7
7766	6
7767	50
7768	5
7769	7
7770	22
7771	44
7772	49
7773	47
7774	40
7775	17
7776	89
7777	47
7778	11
7779	31
7780	61
7781	18
7782	11
7783	81
7784	47
7785	11
7786	6
7787	44
7788	47
7789	13
7790	51
7791	44
7792	12
7793	47
7794	37
7795	17
7796	44
7797	7
7798	6
7799	63
7800	12
7801	31
7802	61
7803	11
7804	78
7805	90
7806	52
7807	48
7808	58
7809	6
7810	7
7811	11
7812	56
7813	58
7814	6
7815	34
7816	6
7817	58
7818	47
7819	62
7820	81
7821	11
7822	31
7823	37
7824	55
7825	37
7826	3
7827	37
7828	44
7829	44
7830	15
7831	31
7832	7
7833	18
7834	47
7835	31
7836	33
7837	41
7838	53
7839	45
7840	6
7841	37
7842	37
7843	66
7844	53
7845	7
7846	31
7847	31
7848	7
7849	22
7850	81
7851	2
7852	71
7853	58
7854	31
7855	48
7856	2
7857	47
7858	56
7859	44
7860	33
7861	37
7862	58
7863	44
7864	13
7865	29
7866	1
7867	47
7868	15
7869	58
7870	11
7871	17
7872	44
7873	20
7874	47
7875	3
7876	13
7877	14
7878	47
7879	7
7880	44
7881	7
7882	11
7883	6
7884	31
7885	58
7886	11
7887	25
7888	7
7889	87
7890	47
7891	15
7892	6
7893	50
7894	47
7895	10
7896	58
7897	31
7898	44
7899	31
7900	31
7901	31
7902	71
7903	41
7904	58
7905	47
7906	3
7907	47
7908	15
7909	80
7910	79
7911	87
7912	2
7913	44
7914	44
7915	47
7916	57
7917	34
7918	6
7919	44
7920	45
7921	13
7922	11
7923	39
7924	81
7925	39
7926	3
7927	36
7928	11
7929	58
7930	70
7931	37
7932	7
7933	44
7934	6
7935	11
7936	6
7937	37
7938	73
7939	49
7940	48
7941	13
7942	1
7943	47
7944	6
7945	31
7946	62
7947	11
7948	6
7949	64
7950	44
7951	11
7952	37
7953	30
7954	64
7955	36
7956	11
7957	14
7958	58
7959	11
7960	27
7961	58
7962	31
7963	37
7964	35
7965	79
7966	7
7967	39
7968	39
7969	8
7970	58
7971	31
7972	58
7973	58
7974	75
7975	47
7976	53
7977	74
7978	31
7979	27
7980	24
7981	13
7982	44
7983	39
7984	28
7985	6
7986	37
7987	39
7988	39
7989	7
7990	37
7991	48
7992	15
7993	4
7994	44
7995	73
7996	7
7997	47
7998	17
7999	39
8000	28
8001	31
8002	18
8003	7
8004	37
8005	47
8006	46
8007	63
8008	41
8009	11
8010	7
8011	88
8012	47
8013	84
8014	83
8015	84
8016	7
8017	7
8018	50
8019	31
8020	59
8021	44
8022	6
8023	58
8024	49
8025	6
8026	47
8027	7
8028	58
8029	39
8030	50
8031	56
8032	48
8033	3
8034	58
8035	39
8036	58
8037	11
8038	67
8039	52
8040	50
8041	50
8042	87
8043	37
8044	39
8045	17
8046	11
8047	30
8048	81
8049	6
8050	67
8051	83
8052	66
8053	2
8054	31
8055	39
8056	1
8057	67
8058	31
8059	50
8060	62
8061	85
8062	39
8063	1
8064	50
8065	18
8066	39
8067	37
8068	81
8069	44
8070	6
8071	48
8072	71
8073	37
8074	31
8075	81
8076	64
8077	50
8078	39
8079	15
8080	50
8081	11
8082	7
8083	7
8084	84
8085	50
8086	22
8087	50
8088	11
8089	47
8090	7
8091	31
8092	44
8093	81
8094	37
8095	37
8096	48
8097	90
8098	31
8099	64
8100	48
8101	50
8102	11
8103	31
8104	44
8105	47
8106	15
8107	6
8108	47
8109	7
8110	44
8111	65
8112	22
8113	50
8114	17
8115	39
8116	6
8117	31
8118	11
8119	17
8120	51
8121	52
8122	23
8123	48
8124	46
8125	6
8126	6
8127	17
8128	65
8129	47
8130	56
8131	49
8132	44
8133	41
8134	47
8135	20
8136	7
8137	39
8138	44
8139	76
8140	49
8141	9
8142	22
8143	57
8144	49
8145	39
8146	13
8147	58
8148	50
8149	7
8150	4
8151	11
8152	7
8153	6
8154	42
8155	47
8156	44
8157	37
8158	7
8159	31
8160	71
8161	58
8162	17
8163	13
8164	44
8165	57
8166	58
8167	10
8168	49
8169	7
8170	47
8171	12
8172	2
8173	6
8174	11
8175	53
8176	39
8177	58
8178	6
8179	44
8180	47
8181	49
8182	47
8183	6
8184	37
8185	6
8186	51
8187	58
8188	58
8189	44
8190	6
8191	20
8192	12
8193	9
8194	16
8195	50
8196	34
8197	44
8198	40
8199	39
8200	4
8201	58
8202	47
8203	11
8204	55
8205	81
8206	57
8207	52
8208	28
8209	39
8210	75
8211	14
8212	31
8213	11
8214	39
8215	50
8216	61
8217	51
8218	67
8219	67
8220	35
8221	51
8222	44
8223	72
8224	51
8225	15
8226	41
8227	29
8228	44
8229	44
8230	34
8231	39
8232	64
8233	22
8234	48
8235	73
8236	18
8237	51
8238	18
8239	72
8240	61
8241	44
8242	18
8243	22
8244	37
8245	10
8246	22
8247	58
8248	49
8249	49
8250	44
8251	44
8252	58
8253	51
8254	20
8255	7
8256	66
8257	31
8258	27
8259	61
8260	67
8261	63
8262	38
8263	34
8264	39
8265	35
8266	67
8267	41
8268	22
8269	13
8270	44
8271	56
8272	50
8273	6
8274	39
8275	13
8276	37
8277	72
8278	44
8279	60
8280	67
8281	5
8282	37
8283	48
8284	52
8285	39
8286	73
8287	87
8288	23
8289	15
8290	49
8291	21
8292	43
8293	87
8294	51
8295	37
8296	44
8297	15
8298	44
8299	61
8300	25
8301	34
8302	58
8303	47
8304	11
8305	66
8306	49
8307	44
8308	6
8309	44
8310	53
8311	27
8312	51
8313	44
8314	31
8315	37
8316	6
8317	22
8318	51
8319	6
8320	37
8321	31
8322	39
8323	35
8324	42
8325	44
8326	73
8327	67
8328	6
8329	11
8330	6
8331	67
8332	49
8333	64
8334	6
8335	27
8336	13
8337	35
8338	5
8339	86
8340	50
8341	7
8342	6
8343	44
8344	31
8345	6
8346	29
8347	39
8348	47
8349	10
8350	11
8351	45
8352	55
8353	65
8354	44
8355	17
8356	44
8357	22
8358	58
8359	14
8360	88
8361	48
8362	61
8363	69
8364	71
8365	81
8366	43
8367	22
8368	44
8369	71
8370	48
8371	47
8372	37
8373	47
8374	80
8375	42
8376	27
8377	6
8378	43
8379	6
8380	41
8381	34
8382	58
8383	44
8384	62
8385	51
8386	56
8387	61
8388	39
8389	67
8390	47
8391	81
8392	44
8393	44
8394	44
8395	61
8396	61
8397	47
8398	39
8399	50
8400	6
8401	85
8402	51
8403	6
8404	15
8405	51
8406	67
8407	80
8408	80
8409	70
8410	44
8411	80
8412	44
8413	57
8414	11
8415	51
8416	48
8417	65
8418	40
8419	54
8420	58
8421	76
8422	44
8423	28
8424	37
8425	39
8426	47
8427	67
8428	78
8429	67
8430	7
8431	58
8432	21
8433	15
8434	1
8435	37
8436	6
8437	36
8438	79
8439	47
8440	70
8441	36
8442	47
8443	27
8444	44
8445	2
8446	50
8447	6
8448	4
8449	55
8450	39
8451	39
8452	17
8453	3
8454	79
8455	6
8456	39
8457	64
8458	27
8459	36
8460	11
8461	31
8462	39
8463	3
8464	58
8465	37
8466	29
8467	44
8468	21
8469	6
8470	50
8471	6
8472	79
8473	79
8474	50
8475	24
8476	17
8477	20
8478	51
8479	88
8480	39
8481	31
8482	44
8483	81
8484	11
8485	79
8486	6
8487	55
8488	39
8489	44
8490	44
8491	27
8492	70
8493	39
8494	77
8495	30
8496	16
8497	44
8498	73
8499	12
8500	81
8501	39
8502	6
8503	44
8504	64
8505	73
8506	63
8507	55
8508	50
8509	53
8510	73
8511	81
8512	30
8513	28
8514	64
8515	6
8516	6
8517	5
8518	61
8519	34
8520	39
8521	67
8522	44
8523	6
8524	58
8525	11
8526	31
8527	12
8528	55
8529	18
8530	53
8531	55
8532	40
8533	51
8534	59
8535	81
8536	6
8537	11
8538	58
8539	6
8540	2
8541	51
8542	13
8543	73
8544	55
8545	31
8546	7
8547	81
8548	2
8549	36
8550	79
8551	38
8552	6
8553	6
8554	47
8555	12
8556	50
8557	39
8558	50
8559	42
8560	73
8561	6
8562	29
8563	8
8564	9
8565	44
8566	44
8567	67
8568	81
8569	88
8570	32
8571	64
8572	25
8573	52
8574	73
8575	45
8576	81
8577	56
8578	89
8579	64
8580	86
8581	50
8582	55
8583	79
8584	25
8585	59
8586	72
8587	40
8588	81
8589	50
8590	44
8591	47
8592	34
8593	6
8594	6
8595	50
8596	37
8597	49
8598	87
8599	37
8600	40
8601	73
8602	44
8603	6
8604	65
8605	61
8606	53
8607	29
8608	61
8609	61
8610	71
8611	59
8612	25
8613	50
8614	61
8615	74
8616	11
8617	52
8618	44
8619	61
8620	50
8621	35
8622	36
8623	6
8624	61
8625	39
8626	81
8627	54
8628	23
8629	52
8630	27
8631	50
8632	7
8633	35
8634	47
8635	76
8636	14
8637	13
8638	40
8639	81
8640	51
8641	11
8642	85
8643	44
8644	44
8645	73
8646	31
8647	51
8648	40
8649	45
8650	12
8651	51
8652	38
8653	44
8654	61
8655	30
8656	55
8657	58
8658	11
8659	76
8660	52
8661	6
8662	39
8663	10
8664	2
8665	35
8666	47
8667	58
8668	37
8669	61
8670	61
8671	6
8672	10
8673	67
8674	6
8675	17
8676	53
8677	50
8678	6
8679	50
8680	11
8681	39
8682	6
8683	50
8684	15
8685	1
8686	71
8687	80
8688	56
8689	51
8690	72
8691	60
8692	28
8693	47
8694	37
8695	53
8696	15
8697	44
8698	79
8699	39
8700	48
8701	7
8702	6
8703	52
8704	57
8705	48
8706	6
8707	44
8708	7
8709	7
8710	85
8711	17
8712	15
8713	43
8714	70
8715	40
8716	39
8717	61
8718	77
8719	31
8720	22
8721	50
8722	47
8723	47
8724	15
8725	70
8726	22
8727	19
8728	6
8729	7
8730	50
8731	44
8732	31
8733	65
8734	10
8735	32
8736	30
8737	6
8738	7
8739	81
8740	15
8741	81
8742	52
8743	44
8744	7
8745	47
8746	6
8747	11
8748	24
8749	81
8750	17
8751	81
8752	44
8753	39
8754	44
8755	6
8756	6
8757	52
8758	67
8759	23
8760	7
8761	44
8762	11
8763	6
8764	6
8765	6
8766	61
8767	5
8768	61
8769	31
8770	15
8771	6
8772	44
8773	36
8774	6
8775	56
8776	37
8777	17
8778	51
8779	49
8780	15
8781	52
8782	7
8783	50
8784	7
8785	90
8786	17
8787	44
8788	6
8789	78
8790	7
8791	18
8792	7
8793	31
8794	81
8795	48
8796	25
8797	57
8798	44
8799	6
8800	48
8801	6
8802	61
8803	61
8804	7
8805	48
8806	6
8807	61
8808	39
8809	45
8810	72
8811	58
8812	44
8813	37
8814	52
8815	13
8816	7
8817	1
8818	45
8819	7
8820	44
8821	35
8822	66
8823	7
8824	37
8825	6
8826	53
8827	37
8828	50
8829	37
8830	7
8831	53
8832	3
8833	3
8834	49
8835	90
8836	15
8837	75
8838	15
8839	57
8840	79
8841	6
8842	44
8843	48
8844	30
8845	13
8846	87
8847	50
8848	6
8849	41
8850	3
8851	17
8852	11
8853	10
8854	56
8855	25
8856	87
8857	13
8858	7
8859	44
8860	7
8861	6
8862	85
8863	6
8864	47
8865	61
8866	10
8867	7
8868	44
8869	44
8870	89
8871	43
8872	26
8873	7
8874	44
8875	7
8876	81
8877	7
8878	45
8879	45
8880	14
8881	53
8882	22
8883	6
8884	56
8885	22
8886	15
8887	84
8888	20
8889	7
8890	30
8891	44
8892	50
8893	49
8894	63
8895	56
8896	50
8897	44
8898	57
8899	25
8900	51
8901	41
8902	52
8903	54
8904	7
8905	9
8906	10
8907	13
8908	51
8909	31
8910	81
8911	51
8912	49
8913	39
8914	7
8915	5
8916	44
8917	43
8918	51
8919	28
8920	53
8921	17
8922	17
8923	17
8924	61
8925	6
8926	49
8927	60
8928	17
8929	48
8930	48
8931	48
8932	78
8933	81
8934	80
8935	17
8936	64
8937	41
8938	22
8939	21
8940	39
8941	76
8942	3
8943	62
8944	49
8945	1
8946	83
8947	57
8948	35
8949	85
8950	36
8951	12
8952	6
8953	44
8954	39
8955	13
8956	11
8957	61
8958	89
8959	7
8960	13
8961	36
8962	6
8963	1
8964	47
8965	17
8966	1
8967	27
8968	55
8969	6
8970	13
8971	84
8972	71
8973	31
8974	79
8975	30
8976	86
8977	49
8978	31
8979	7
8980	30
8981	12
8982	7
8983	69
8984	6
8985	55
8986	73
8987	6
8988	50
8989	17
8990	6
8991	27
8992	3
8993	41
8994	88
8995	50
8996	6
8997	81
8998	39
8999	28
9000	40
9001	86
9002	11
9003	67
9004	50
9005	67
9006	44
9007	61
9008	30
9009	79
9010	55
9011	12
9012	32
9013	7
9014	51
9015	73
9016	7
9017	62
9018	81
9019	7
9020	47
9021	48
9022	22
9023	41
9024	34
9025	42
9026	84
9027	7
9028	7
9029	42
9030	64
9031	6
9032	64
9033	2
9034	55
9035	55
9036	39
9037	15
9038	44
9039	67
9040	31
9041	71
9042	2
9043	84
9044	6
9045	2
9046	59
9047	6
9048	78
9049	31
9050	7
9051	6
9052	29
9053	35
9054	3
9055	42
9056	6
9057	26
9058	48
9059	78
9060	49
9061	44
9062	49
9063	6
9064	1
9065	25
9066	49
9067	48
9068	40
9069	83
9070	2
9071	63
9072	40
9073	6
9074	40
9075	6
9076	6
9077	30
9078	6
9079	78
9080	85
9081	20
9082	44
9083	44
9084	77
9085	64
9086	43
9087	73
9088	55
9089	46
9090	53
9091	1
9092	44
9093	6
9094	38
9095	6
9096	50
9097	9
9098	36
9099	47
9100	62
9101	84
9102	44
9103	89
9104	15
9105	83
9106	6
9107	44
9108	73
9109	88
9110	52
9111	7
9112	13
9113	13
9114	40
9115	7
9116	57
9117	48
9118	6
9119	53
9120	7
9121	53
9122	30
9123	7
9124	44
9125	86
9126	14
9127	30
9128	37
9129	14
9130	22
9131	72
9132	50
9133	7
9134	52
9135	7
9136	74
9137	10
9138	7
9139	7
9140	30
9141	9
9142	48
9143	44
9144	71
9145	31
9146	72
9147	39
9148	58
9149	44
9150	6
9151	47
9152	53
9153	7
9154	17
9155	42
9156	31
9157	39
9158	44
9159	59
9160	5
9161	44
9162	71
9163	7
9164	36
9165	59
9166	13
9167	85
9168	13
9169	65
9170	58
9171	59
9172	55
9173	10
9174	52
9175	16
9176	40
9177	3
9178	3
9179	44
9180	1
9181	6
9182	73
9183	34
9184	27
9185	27
9186	88
9187	67
9188	5
9189	42
9190	58
9191	67
9192	44
9193	3
9194	12
9195	44
9196	58
9197	13
9198	29
9199	49
9200	40
9201	67
9202	7
9203	22
9204	90
9205	39
9206	58
9207	7
9208	58
9209	44
9210	80
9211	51
9212	79
9213	52
9214	26
9215	7
9216	7
9217	50
9218	13
9219	26
9220	12
9221	70
9222	6
9223	24
9224	6
9225	58
9226	6
9227	70
9228	58
9229	5
9230	38
9231	17
9232	7
9233	44
9234	40
9235	61
9236	67
9237	13
9238	57
9239	6
9240	44
9241	6
9242	15
9243	35
9244	53
9245	15
9246	58
9247	16
9248	61
9249	1
9250	67
9251	11
9252	77
9253	44
9254	6
9255	69
9256	73
9257	42
9258	37
9259	49
9260	22
9261	7
9262	69
9263	41
9264	44
9265	58
9266	38
9267	61
9268	53
9269	58
9270	11
9271	2
9272	58
9273	86
9274	71
9275	22
9276	18
9277	7
9278	49
9279	44
9280	58
9281	22
9282	6
9283	39
9284	79
9285	6
9286	61
9287	38
9288	28
9289	61
9290	61
9291	34
9292	44
9293	51
9294	25
9295	11
9296	7
9297	7
9298	22
9299	44
9300	44
9301	34
9302	7
9303	7
9304	60
9305	58
9306	51
9307	37
9308	72
9309	79
9310	11
9311	58
9312	48
9313	18
9314	38
9315	50
9316	11
9317	7
9318	67
9319	67
9320	37
9321	51
9322	41
9323	59
9324	37
9325	66
9326	6
9327	64
9328	37
9329	2
9330	6
9331	6
9332	15
9333	6
9334	37
9335	64
9336	44
9337	61
9338	25
9339	65
9340	25
9341	7
9342	37
9343	22
9344	7
9345	6
9346	6
9347	7
9348	51
9349	62
9350	53
9351	36
9352	16
9353	49
9354	13
9355	11
9356	7
9357	6
9358	58
9359	44
9360	13
9361	74
9362	44
9363	76
9364	44
9365	36
9366	6
9367	11
9368	37
9369	53
9370	40
9371	12
9372	58
9373	44
9374	30
9375	75
9376	41
9377	42
9378	42
9379	48
9380	47
9381	6
9382	61
9383	76
9384	61
9385	33
9386	44
9387	7
9388	59
9389	39
9390	6
9391	3
9392	11
9393	37
9394	15
9395	58
9396	37
9397	49
9398	11
9399	3
9400	37
9401	11
9402	47
9403	7
9404	6
9405	56
9406	47
9407	44
9408	11
9409	51
9410	26
9411	11
9412	37
9413	47
9414	11
9415	41
9416	6
9417	37
9418	44
9419	76
9420	57
9421	58
9422	58
9423	51
9424	76
9425	7
9426	6
9427	76
9428	61
9429	3
9430	31
9431	58
9432	28
9433	58
9434	31
9435	26
9436	50
9437	44
9438	35
9439	31
9440	39
9441	7
9442	44
9443	6
9444	40
9445	23
9446	50
9447	71
9448	7
9449	11
9450	51
9451	14
9452	31
9453	22
9454	58
9455	44
9456	31
9457	73
9458	37
9459	13
9460	16
9461	11
9462	7
9463	59
9464	6
9465	44
9466	50
9467	11
9468	86
9469	37
9470	31
9471	38
9472	31
9473	31
9474	44
9475	37
9476	11
9477	72
9478	46
9479	13
9480	56
9481	58
9482	51
9483	10
9484	74
9485	44
9486	13
9487	6
9488	58
9489	40
9490	6
9491	7
9492	6
9493	58
9494	37
9495	7
9496	47
9497	7
9498	47
9499	58
9500	30
9501	44
9502	44
9503	39
9504	44
9505	7
9506	11
9507	58
9508	27
9509	81
9510	37
9511	16
9512	88
9513	58
9514	31
9515	64
9516	6
9517	53
9518	47
9519	31
9520	31
9521	17
9522	6
9523	47
9524	31
9525	79
9526	80
9527	58
9528	6
9529	31
9530	37
9531	4
9532	73
9533	20
9534	37
9535	51
9536	53
9537	41
9538	51
9539	55
9540	61
9541	3
9542	40
9543	7
9544	47
9545	6
9546	37
9547	58
9548	11
9549	7
9550	25
9551	36
9552	30
9553	51
9554	11
9555	47
9556	79
9557	44
9558	6
9559	47
9560	44
9561	81
9562	6
9563	11
9564	37
9565	31
9566	11
9567	61
9568	37
9569	7
9570	56
9571	18
9572	55
9573	53
9574	58
9575	81
9576	11
9577	49
9578	37
9579	18
9580	68
9581	11
9582	6
9583	47
9584	64
9585	29
9586	44
9587	11
9588	31
9589	31
9590	52
9591	79
9592	47
9593	6
9594	11
9595	31
9596	44
9597	31
9598	44
9599	6
9600	37
9601	74
9602	11
9603	6
9604	47
9605	11
9606	6
9607	85
9608	65
9609	53
9610	90
9611	44
9612	11
9613	11
9614	50
9615	47
9616	51
9617	11
9618	31
9619	6
9620	85
9621	40
9622	6
9623	61
9624	40
9625	58
9626	37
9627	81
9628	86
9629	58
9630	7
9631	7
9632	7
9633	58
9634	11
9635	44
9636	31
9637	57
9638	6
9639	76
9640	11
9641	6
9642	58
9643	44
9644	39
9645	55
9646	80
9647	86
9648	6
9649	44
9650	37
9651	44
9652	37
9653	89
9654	37
9655	6
9656	62
9657	44
9658	31
9659	44
9660	35
9661	11
9662	52
9663	11
9664	10
9665	7
9666	51
9667	6
9668	58
9669	36
9670	2
9671	37
9672	81
9673	6
9674	37
9675	57
9676	11
9677	56
9678	11
9679	4
9680	2
9681	50
9682	16
9683	58
9684	6
9685	31
9686	31
9687	28
9688	83
9689	27
9690	15
9691	7
9692	44
9693	1
9694	31
9695	11
9696	23
9697	26
9698	5
9699	37
9700	6
9701	31
9702	55
9703	58
9704	37
9705	11
9706	7
9707	45
9708	11
9709	7
9710	31
9711	44
9712	6
9713	6
9714	1
9715	70
9716	16
9717	31
9718	31
9719	11
9720	37
9721	7
9722	7
9723	71
9724	6
9725	7
9726	71
9727	18
9728	7
9729	79
9730	15
9731	47
9732	47
9733	6
9734	7
9735	42
9736	76
9737	81
9738	64
9739	11
9740	7
9741	5
9742	37
9743	58
9744	6
9745	6
9746	37
9747	11
9748	38
9749	15
9750	11
9751	44
9752	37
9753	6
9754	48
9755	11
9756	44
9757	31
9758	58
9759	44
9760	48
9761	7
9762	44
9763	2
9764	46
9765	80
9766	6
9767	47
9768	28
9769	52
9770	5
9771	57
9772	44
9773	35
9774	76
9775	25
9776	6
9777	46
9778	58
9779	37
9780	44
9781	11
9782	46
9783	37
9784	37
9785	48
9786	57
9787	44
9788	37
9789	22
9790	6
9791	11
9792	58
9793	44
9794	7
9795	31
9796	58
9797	37
9798	37
9799	30
9800	19
9801	20
9802	37
9803	37
9804	48
9805	58
9806	51
9807	7
9808	7
9809	37
9810	6
9811	31
9812	37
9813	6
9814	7
9815	47
9816	44
9817	58
9818	47
9819	49
9820	15
9821	77
9822	78
9823	58
9824	59
9825	58
9826	45
9827	44
9828	58
9829	47
9830	47
9831	37
9832	56
9833	7
9834	37
9835	7
9836	44
9837	58
9838	1
9839	47
9840	85
9841	30
9842	80
9843	6
9844	37
9845	11
9846	44
9847	6
9848	7
9849	6
9850	11
9851	48
9852	47
9853	81
9854	3
9855	7
9856	17
9857	88
9858	88
9859	61
9860	3
9861	58
9862	31
9863	30
9864	81
9865	7
9866	6
9867	7
9868	44
9869	48
9870	31
9871	61
9872	49
9873	31
9874	31
9875	47
9876	62
9877	58
9878	27
9879	48
9880	11
9881	7
9882	51
9883	31
9884	58
9885	1
9886	55
9887	6
9888	38
9889	47
9890	69
9891	6
9892	6
9893	15
9894	73
9895	58
9896	7
9897	31
9898	6
9899	6
9900	87
9901	63
9902	72
9903	7
9904	22
9905	81
9906	58
9907	51
9908	26
9909	52
9910	46
9911	64
9912	61
9913	44
9914	86
9915	47
9916	49
9917	33
9918	31
9919	37
9920	31
9921	49
9922	68
9923	37
9924	6
9925	7
9926	1
9927	11
9928	37
9929	11
9930	48
9931	44
9932	48
9933	16
9934	66
9935	44
9936	31
9937	76
9938	47
9939	47
9940	58
9941	44
9942	11
9943	39
9944	39
9945	7
9946	44
9947	61
9948	76
9949	39
9950	31
9951	31
9952	7
9953	81
9954	13
9955	35
9956	7
9957	11
9958	80
9959	6
9960	58
9961	73
9962	47
9963	37
9964	6
9965	58
9966	16
9967	69
9968	37
9969	20
9970	6
9971	11
9972	73
9973	7
9974	88
9975	73
9976	37
9977	51
9978	29
9979	79
9980	81
9981	44
9982	48
9983	17
9984	58
9985	11
9986	73
9987	7
9988	6
9989	33
9990	37
9991	47
9992	62
9993	3
9994	6
9995	6
9996	6
9997	38
9998	37
9999	75
10000	68
