1	1
2	2
3	3
4	4
5	5
6	6
7	1
8	3
9	7
10	8
11	9
12	10
13	11
14	12
15	4
16	13
17	14
18	15
19	16
20	17
21	18
22	19
23	12
24	11
25	20
26	21
27	22
28	23
29	9
30	2
31	22
32	24
33	25
34	2
35	26
36	17
37	9
38	15
39	27
40	28
41	12
42	20
43	10
44	9
45	29
46	30
47	31
48	32
49	28
50	18
51	26
52	8
53	10
54	7
55	17
56	27
57	28
58	33
59	27
60	13
61	6
62	33
63	5
64	24
65	34
66	33
67	29
68	5
69	28
70	5
71	9
72	6
73	13
74	35
75	36
76	37
77	34
78	38
79	39
80	27
81	6
82	8
83	34
84	12
85	9
86	39
87	37
88	1
89	40
90	14
91	26
92	20
93	40
94	1
95	22
96	22
97	6
98	7
99	1
100	32
101	4
102	41
103	37
104	8
105	7
106	38
107	42
108	26
109	25
110	43
111	7
112	37
113	11
114	42
115	7
116	7
117	44
118	26
119	1
120	24
121	37
122	38
123	26
124	33
125	24
126	38
127	2
128	20
129	45
130	46
131	22
132	22
133	9
134	36
135	25
136	31
137	12
138	22
139	45
140	11
141	22
142	20
143	25
144	3
145	22
146	46
147	6
148	1
149	22
150	7
151	38
152	10
153	38
154	20
155	43
156	2
157	28
158	1
159	9
160	44
161	13
162	28
163	5
164	28
165	47
166	32
167	18
168	24
169	1
170	37
171	28
172	42
173	38
174	38
175	26
176	11
177	32
178	21
179	45
180	25
181	18
182	46
183	2
184	33
185	16
186	12
187	45
188	18
189	23
190	46
191	21
192	39
193	8
194	34
195	32
196	44
197	3
198	22
199	37
200	27
201	38
202	8
203	12
204	29
205	30
206	1
207	45
208	46
209	44
210	13
211	45
212	17
213	28
214	39
215	40
216	32
217	10
218	38
219	31
220	8
221	38
222	10
223	34
224	17
225	47
226	37
227	13
228	33
229	31
230	41
231	48
232	21
233	23
234	48
235	31
236	17
237	48
238	20
239	49
240	14
241	1
242	18
243	20
244	22
245	15
246	14
247	21
248	23
249	46
250	34
251	17
252	20
253	5
254	5
255	47
256	27
257	44
258	46
259	48
260	10
261	11
262	13
263	34
264	5
265	8
266	42
267	18
268	1
269	44
270	34
271	44
272	1
273	5
274	33
275	31
276	44
277	31
278	13
279	13
280	33
281	23
282	13
283	33
284	20
285	5
286	50
287	22
288	36
289	48
290	12
291	33
292	5
293	34
294	6
295	23
296	22
297	36
298	48
299	40
300	33
301	29
302	46
303	27
304	44
305	44
306	26
307	23
308	44
309	33
310	44
311	5
312	34
313	31
314	22
315	44
316	9
317	6
318	47
319	16
320	23
321	29
322	27
323	34
324	5
325	2
326	26
327	33
328	20
329	27
330	11
331	19
332	9
333	37
334	17
335	25
336	48
337	30
338	36
339	5
340	23
341	16
342	1
343	25
344	2
345	2
346	28
347	9
348	31
349	31
350	46
351	8
352	46
353	26
354	26
355	26
356	36
357	31
358	8
359	11
360	9
361	6
362	4
363	34
364	22
365	40
366	36
367	31
368	9
369	5
370	5
371	44
372	46
373	11
374	17
375	23
376	26
377	17
378	34
379	36
380	5
381	4
382	13
383	5
384	27
385	5
386	36
387	44
388	11
389	16
390	17
391	8
392	38
393	20
394	36
395	14
396	9
397	48
398	26
399	25
400	12
401	38
402	33
403	44
404	27
405	48
406	31
407	31
408	5
409	23
410	36
411	24
412	17
413	44
414	25
415	47
416	17
417	46
418	1
419	9
420	2
421	8
422	17
423	34
424	38
425	26
426	2
427	4
428	8
429	23
430	18
431	34
432	22
433	4
434	4
435	5
436	18
437	8
438	2
439	17
440	24
441	30
442	17
443	4
444	9
445	22
446	16
447	4
448	42
449	31
450	39
451	24
452	22
453	6
454	22
455	38
456	22
457	17
458	24
459	44
460	14
461	21
462	26
463	48
464	17
465	23
466	48
467	13
468	21
469	24
470	5
471	38
472	24
473	16
474	24
475	48
476	16
477	9
478	48
479	14
480	18
481	21
482	24
483	23
484	5
485	31
486	16
487	31
488	44
489	8
490	9
491	32
492	24
493	44
494	2
495	26
496	31
497	32
498	43
499	46
500	36
501	15
502	4
503	2
504	10
505	31
506	13
507	16
508	31
509	4
510	48
511	40
512	44
513	13
514	39
515	18
516	5
517	36
518	39
519	44
520	18
521	18
522	26
523	27
524	5
525	50
526	40
527	27
528	11
529	32
530	38
531	11
532	16
533	36
534	38
535	14
536	4
537	8
538	31
539	18
540	33
541	49
542	11
543	44
544	13
545	49
546	36
547	11
548	47
549	2
550	7
551	44
552	18
553	11
554	2
555	38
556	2
557	22
558	38
559	39
560	24
561	14
562	11
563	47
564	7
565	14
566	22
567	22
568	22
569	49
570	5
571	18
572	15
573	17
574	33
575	38
576	34
577	10
578	19
579	4
580	1
581	24
582	9
583	11
584	38
585	48
586	28
587	44
588	34
589	8
590	1
591	6
592	11
593	20
594	8
595	38
596	34
597	11
598	22
599	17
600	11
601	28
602	40
603	16
604	47
605	15
606	29
607	8
608	38
609	4
610	9
611	48
612	11
613	5
614	28
615	33
616	1
617	5
618	16
619	8
620	2
621	41
622	22
623	17
624	40
625	30
626	33
627	24
628	44
629	22
630	29
631	17
632	34
633	22
634	47
635	28
636	25
637	25
638	4
639	34
640	37
641	4
642	47
643	34
644	2
645	14
646	47
647	28
648	18
649	17
650	20
651	36
652	31
653	34
654	22
655	11
656	34
657	11
658	44
659	2
660	2
661	48
662	12
663	48
664	24
665	32
666	24
667	11
668	44
669	48
670	34
671	48
672	3
673	18
674	48
675	47
676	23
677	28
678	32
679	48
680	18
681	32
682	34
683	7
684	2
685	11
686	20
687	48
688	47
689	23
690	34
691	47
692	14
693	17
694	29
695	23
696	20
697	17
698	26
699	2
700	22
701	20
702	38
703	24
704	48
705	44
706	22
707	34
708	11
709	2
710	18
711	24
712	34
713	45
714	2
715	18
716	4
717	1
718	4
719	48
720	33
721	17
722	47
723	26
724	17
725	21
726	17
727	22
728	10
729	9
730	44
731	13
732	48
733	4
734	29
735	18
736	1
737	39
738	17
739	44
740	31
741	32
742	22
743	4
744	17
745	26
746	26
747	5
748	4
749	34
750	23
751	47
752	47
753	26
754	2
755	10
756	5
757	5
758	42
759	2
760	31
761	11
762	48
763	8
764	48
765	7
766	18
767	48
768	12
769	18
770	48
771	31
772	26
773	31
774	22
775	8
776	5
777	4
778	31
779	23
780	5
781	48
782	49
783	48
784	49
785	1
786	35
787	22
788	27
789	7
790	23
791	1
792	39
793	16
794	20
795	14
796	31
797	49
798	1
799	7
800	33
801	48
802	45
803	4
804	26
805	48
806	24
807	1
808	36
809	32
810	41
811	16
812	22
813	48
814	24
815	9
816	17
817	8
818	5
819	17
820	31
821	20
822	17
823	48
824	31
825	44
826	9
827	26
828	17
829	24
830	9
831	24
832	6
833	17
834	34
835	25
836	26
837	12
838	47
839	31
840	34
841	32
842	2
843	19
844	2
845	13
846	34
847	22
848	23
849	36
850	17
851	22
852	31
853	25
854	12
855	8
856	44
857	47
858	35
859	17
860	5
861	24
862	31
863	47
864	1
865	26
866	31
867	25
868	8
869	8
870	16
871	46
872	19
873	8
874	44
875	31
876	24
877	22
878	26
879	9
880	2
881	22
882	17
883	9
884	48
885	48
886	9
887	22
888	37
889	17
890	9
891	34
892	26
893	27
894	38
895	9
896	11
897	10
898	47
899	8
900	4
901	44
902	6
903	44
904	17
905	9
906	8
907	27
908	22
909	16
910	16
911	4
912	46
913	9
914	9
915	13
916	48
917	44
918	22
919	2
920	32
921	24
922	31
923	4
924	17
925	3
926	6
927	7
928	23
929	26
930	9
931	32
932	22
933	19
934	16
935	22
936	8
937	38
938	26
939	4
940	9
941	17
942	34
943	9
944	18
945	17
946	2
947	9
948	8
949	27
950	46
951	24
952	24
953	18
954	48
955	5
956	25
957	44
958	24
959	31
960	24
961	4
962	48
963	18
964	20
965	18
966	5
967	2
968	22
969	22
970	5
971	38
972	25
973	8
974	47
975	48
976	20
977	38
978	33
979	41
980	2
981	8
982	24
983	10
984	48
985	46
986	44
987	8
988	7
989	9
990	38
991	15
992	44
993	26
994	45
995	38
996	21
997	26
998	8
999	48
1000	5
1001	34
1002	24
1003	44
1004	21
1005	17
1006	43
1007	29
1008	22
1009	17
1010	26
1011	48
1012	24
1013	9
1014	42
1015	27
1016	2
1017	5
1018	24
1019	22
1020	26
1021	17
1022	7
1023	9
1024	9
1025	4
1026	43
1027	44
1028	44
1029	4
1030	24
1031	14
1032	34
1033	44
1034	9
1035	46
1036	8
1037	17
1038	14
1039	44
1040	21
1041	2
1042	25
1043	2
1044	44
1045	17
1046	49
1047	48
1048	38
1049	8
1050	17
1051	7
1052	16
1053	27
1054	7
1055	25
1056	47
1057	22
1058	35
1059	14
1060	11
1061	24
1062	8
1063	38
1064	26
1065	44
1066	38
1067	4
1068	49
1069	49
1070	11
1071	13
1072	3
1073	47
1074	5
1075	28
1076	11
1077	2
1078	11
1079	9
1080	33
1081	14
1082	47
1083	19
1084	2
1085	38
1086	44
1087	11
1088	3
1089	31
1090	34
1091	11
1092	38
1093	38
1094	20
1095	18
1096	43
1097	9
1098	48
1099	7
1100	34
1101	26
1102	44
1103	28
1104	14
1105	44
1106	2
1107	11
1108	8
1109	28
1110	17
1111	26
1112	17
1113	25
1114	5
1115	24
1116	26
1117	2
1118	1
1119	44
1120	22
1121	20
1122	47
1123	44
1124	9
1125	26
1126	34
1127	20
1128	38
1129	11
1130	46
1131	18
1132	44
1133	17
1134	5
1135	20
1136	11
1137	43
1138	5
1139	8
1140	48
1141	17
1142	25
1143	7
1144	44
1145	23
1146	8
1147	36
1148	24
1149	43
1150	22
1151	17
1152	48
1153	50
1154	2
1155	22
1156	23
1157	17
1158	20
1159	23
1160	11
1161	24
1162	47
1163	20
1164	48
1165	44
1166	31
1167	22
1168	20
1169	47
1170	47
1171	48
1172	44
1173	1
1174	34
1175	34
1176	34
1177	9
1178	10
1179	33
1180	48
1181	48
1182	47
1183	20
1184	17
1185	31
1186	42
1187	8
1188	34
1189	41
1190	17
1191	44
1192	1
1193	2
1194	44
1195	17
1196	47
1197	34
1198	48
1199	22
1200	48
1201	39
1202	32
1203	45
1204	17
1205	48
1206	17
1207	34
1208	44
1209	47
1210	31
1211	31
1212	31
1213	31
1214	29
1215	11
1216	16
1217	23
1218	29
1219	20
1220	23
1221	47
1222	47
1223	47
1224	3
1225	35
1226	22
1227	13
1228	3
1229	11
1230	29
1231	18
1232	45
1233	47
1234	11
1235	32
1236	17
1237	31
1238	39
1239	39
1240	44
1241	19
1242	18
1243	29
1244	44
1245	11
1246	48
1247	1
1248	17
1249	18
1250	20
1251	23
1252	26
1253	48
1254	5
1255	10
1256	48
1257	30
1258	8
1259	17
1260	22
1261	47
1262	48
1263	32
1264	17
1265	5
1266	31
1267	41
1268	20
1269	26
1270	44
1271	34
1272	5
1273	49
1274	48
1275	23
1276	49
1277	44
1278	48
1279	10
1280	26
1281	23
1282	10
1283	17
1284	22
1285	17
1286	22
1287	44
1288	50
1289	34
1290	48
1291	16
1292	44
1293	36
1294	17
1295	5
1296	17
1297	47
1298	17
1299	47
1300	5
1301	7
1302	31
1303	5
1304	48
1305	40
1306	17
1307	22
1308	48
1309	5
1310	49
1311	24
1312	36
1313	22
1314	20
1315	5
1316	8
1317	1
1318	28
1319	44
1320	5
1321	2
1322	45
1323	34
1324	34
1325	15
1326	48
1327	17
1328	45
1329	13
1330	44
1331	24
1332	44
1333	23
1334	44
1335	26
1336	10
1337	16
1338	22
1339	49
1340	8
1341	1
1342	17
1343	22
1344	5
1345	17
1346	16
1347	48
1348	47
1349	48
1350	34
1351	50
1352	31
1353	9
1354	22
1355	26
1356	40
1357	2
1358	9
1359	36
1360	25
1361	44
1362	10
1363	9
1364	36
1365	9
1366	47
1367	25
1368	16
1369	8
1370	6
1371	24
1372	44
1373	6
1374	41
1375	24
1376	24
1377	31
1378	37
1379	2
1380	16
1381	16
1382	48
1383	46
1384	47
1385	47
1386	31
1387	37
1388	6
1389	23
1390	9
1391	22
1392	21
1393	24
1394	44
1395	31
1396	2
1397	4
1398	42
1399	2
1400	31
1401	23
1402	24
1403	44
1404	17
1405	17
1406	26
1407	26
1408	23
1409	48
1410	9
1411	14
1412	17
1413	18
1414	27
1415	38
1416	11
1417	22
1418	50
1419	17
1420	13
1421	5
1422	5
1423	2
1424	9
1425	38
1426	13
1427	38
1428	31
1429	9
1430	22
1431	17
1432	22
1433	18
1434	31
1435	17
1436	26
1437	23
1438	7
1439	38
1440	44
1441	38
1442	8
1443	23
1444	38
1445	18
1446	26
1447	19
1448	22
1449	14
1450	22
1451	24
1452	18
1453	18
1454	8
1455	4
1456	27
1457	36
1458	2
1459	44
1460	48
1461	44
1462	44
1463	38
1464	13
1465	48
1466	26
1467	24
1468	32
1469	37
1470	26
1471	21
1472	31
1473	26
1474	9
1475	2
1476	11
1477	31
1478	18
1479	8
1480	31
1481	2
1482	8
1483	18
1484	27
1485	9
1486	44
1487	22
1488	8
1489	31
1490	48
1491	18
1492	38
1493	22
1494	38
1495	1
1496	44
1497	17
1498	5
1499	48
1500	15
1501	5
1502	31
1503	13
1504	16
1505	18
1506	38
1507	26
1508	38
1509	17
1510	5
1511	44
1512	34
1513	21
1514	31
1515	48
1516	5
1517	31
1518	24
1519	32
1520	10
1521	27
1522	48
1523	5
1524	9
1525	5
1526	26
1527	18
1528	45
1529	50
1530	38
1531	8
1532	9
1533	31
1534	24
1535	2
1536	18
1537	24
1538	7
1539	22
1540	38
1541	27
1542	26
1543	9
1544	9
1545	38
1546	19
1547	44
1548	44
1549	9
1550	9
1551	48
1552	41
1553	22
1554	8
1555	9
1556	22
1557	22
1558	34
1559	37
1560	44
1561	2
1562	44
1563	22
1564	8
1565	7
1566	22
1567	47
1568	45
1569	18
1570	44
1571	44
1572	38
1573	4
1574	14
1575	8
1576	6
1577	31
1578	14
1579	22
1580	12
1581	9
1582	44
1583	11
1584	6
1585	28
1586	8
1587	30
1588	33
1589	18
1590	44
1591	22
1592	40
1593	18
1594	24
1595	28
1596	5
1597	44
1598	19
1599	17
1600	17
1601	8
1602	44
1603	11
1604	7
1605	28
1606	10
1607	11
1608	44
1609	14
1610	48
1611	20
1612	15
1613	14
1614	20
1615	32
1616	17
1617	22
1618	44
1619	20
1620	27
1621	25
1622	36
1623	17
1624	28
1625	34
1626	17
1627	6
1628	6
1629	9
1630	7
1631	44
1632	8
1633	26
1634	29
1635	7
1636	18
1637	37
1638	28
1639	22
1640	20
1641	48
1642	24
1643	17
1644	47
1645	11
1646	11
1647	47
1648	2
1649	24
1650	1
1651	9
1652	44
1653	28
1654	22
1655	35
1656	31
1657	11
1658	38
1659	17
1660	43
1661	44
1662	34
1663	13
1664	47
1665	20
1666	22
1667	44
1668	14
1669	20
1670	18
1671	44
1672	11
1673	47
1674	48
1675	8
1676	44
1677	22
1678	48
1679	34
1680	34
1681	8
1682	48
1683	12
1684	19
1685	45
1686	32
1687	47
1688	22
1689	17
1690	22
1691	22
1692	8
1693	20
1694	48
1695	8
1696	22
1697	7
1698	25
1699	11
1700	38
1701	45
1702	48
1703	10
1704	4
1705	24
1706	33
1707	17
1708	48
1709	4
1710	46
1711	22
1712	1
1713	17
1714	6
1715	44
1716	7
1717	29
1718	44
1719	22
1720	28
1721	22
1722	28
1723	28
1724	9
1725	31
1726	43
1727	22
1728	48
1729	11
1730	48
1731	44
1732	48
1733	48
1734	2
1735	23
1736	44
1737	11
1738	44
1739	31
1740	22
1741	21
1742	12
1743	34
1744	44
1745	31
1746	31
1747	44
1748	13
1749	21
1750	31
1751	19
1752	45
1753	26
1754	43
1755	31
1756	26
1757	47
1758	13
1759	18
1760	22
1761	48
1762	39
1763	17
1764	44
1765	26
1766	11
1767	31
1768	22
1769	32
1770	31
1771	31
1772	13
1773	22
1774	17
1775	38
1776	44
1777	23
1778	26
1779	44
1780	44
1781	34
1782	4
1783	47
1784	22
1785	44
1786	22
1787	31
1788	26
1789	20
1790	30
1791	28
1792	4
1793	47
1794	44
1795	21
1796	5
1797	1
1798	8
1799	50
1800	46
1801	22
1802	31
1803	48
1804	20
1805	35
1806	21
1807	13
1808	44
1809	41
1810	44
1811	33
1812	48
1813	11
1814	17
1815	31
1816	5
1817	26
1818	44
1819	44
1820	10
1821	23
1822	22
1823	36
1824	2
1825	18
1826	34
1827	40
1828	31
1829	16
1830	27
1831	24
1832	34
1833	24
1834	17
1835	21
1836	36
1837	33
1838	26
1839	5
1840	32
1841	4
1842	13
1843	44
1844	12
1845	9
1846	47
1847	48
1848	44
1849	22
1850	22
1851	28
1852	24
1853	23
1854	17
1855	24
1856	36
1857	11
1858	24
1859	15
1860	31
1861	24
1862	13
1863	27
1864	17
1865	11
1866	26
1867	23
1868	9
1869	6
1870	17
1871	20
1872	15
1873	9
1874	9
1875	24
1876	5
1877	39
1878	17
1879	26
1880	23
1881	9
1882	9
1883	26
1884	2
1885	8
1886	9
1887	48
1888	22
1889	44
1890	22
1891	22
1892	4
1893	8
1894	8
1895	48
1896	44
1897	16
1898	31
1899	5
1900	9
1901	38
1902	31
1903	44
1904	24
1905	25
1906	2
1907	17
1908	31
1909	16
1910	25
1911	13
1912	24
1913	38
1914	17
1915	31
1916	26
1917	6
1918	22
1919	2
1920	38
1921	26
1922	18
1923	17
1924	16
1925	48
1926	36
1927	24
1928	24
1929	50
1930	16
1931	44
1932	48
1933	36
1934	8
1935	3
1936	31
1937	17
1938	20
1939	48
1940	8
1941	48
1942	18
1943	1
1944	28
1945	38
1946	22
1947	11
1948	24
1949	38
1950	16
1951	7
1952	36
1953	47
1954	38
1955	2
1956	22
1957	44
1958	9
1959	31
1960	24
1961	18
1962	7
1963	37
1964	20
1965	48
1966	38
1967	22
1968	26
1969	7
1970	20
1971	9
1972	13
1973	8
1974	20
1975	48
1976	2
1977	8
1978	18
1979	47
1980	26
1981	26
1982	22
1983	17
1984	48
1985	36
1986	9
1987	8
1988	31
1989	44
1990	24
1991	27
1992	26
1993	31
1994	7
1995	26
1996	26
1997	8
1998	35
1999	48
2000	36
2001	18
2002	9
2003	31
2004	17
2005	3
2006	17
2007	44
2008	8
2009	8
2010	10
2011	26
2012	48
2013	14
2014	26
2015	29
2016	18
2017	22
2018	26
2019	21
2020	18
2021	8
2022	26
2023	44
2024	48
2025	2
2026	15
2027	2
2028	34
2029	6
2030	35
2031	18
2032	38
2033	20
2034	2
2035	4
2036	23
2037	26
2038	8
2039	14
2040	50
2041	2
2042	5
2043	48
2044	44
2045	38
2046	44
2047	17
2048	24
2049	20
2050	32
2051	32
2052	31
2053	17
2054	4
2055	4
2056	16
2057	2
2058	22
2059	50
2060	24
2061	22
2062	10
2063	22
2064	18
2065	48
2066	39
2067	18
2068	24
2069	22
2070	22
2071	28
2072	2
2073	22
2074	15
2075	33
2076	28
2077	42
2078	43
2079	39
2080	11
2081	47
2082	7
2083	20
2084	20
2085	15
2086	29
2087	50
2088	23
2089	28
2090	22
2091	39
2092	7
2093	30
2094	16
2095	35
2096	22
2097	13
2098	20
2099	38
2100	4
2101	32
2102	2
2103	11
2104	27
2105	34
2106	22
2107	22
2108	28
2109	24
2110	36
2111	24
2112	13
2113	18
2114	5
2115	15
2116	1
2117	11
2118	9
2119	10
2120	5
2121	31
2122	12
2123	34
2124	11
2125	20
2126	7
2127	34
2128	11
2129	41
2130	35
2131	39
2132	35
2133	47
2134	2
2135	14
2136	40
2137	46
2138	4
2139	11
2140	5
2141	8
2142	34
2143	22
2144	20
2145	17
2146	37
2147	11
2148	47
2149	9
2150	44
2151	44
2152	9
2153	4
2154	25
2155	24
2156	34
2157	26
2158	1
2159	5
2160	4
2161	26
2162	44
2163	43
2164	43
2165	8
2166	2
2167	44
2168	22
2169	38
2170	4
2171	25
2172	11
2173	8
2174	23
2175	23
2176	22
2177	23
2178	22
2179	24
2180	15
2181	44
2182	13
2183	44
2184	8
2185	47
2186	1
2187	14
2188	27
2189	18
2190	47
2191	5
2192	19
2193	26
2194	2
2195	28
2196	24
2197	32
2198	38
2199	6
2200	2
2201	38
2202	8
2203	1
2204	4
2205	16
2206	47
2207	27
2208	21
2209	25
2210	44
2211	31
2212	22
2213	41
2214	44
2215	20
2216	28
2217	31
2218	26
2219	43
2220	31
2221	22
2222	20
2223	20
2224	31
2225	31
2226	9
2227	20
2228	22
2229	2
2230	31
2231	37
2232	31
2233	28
2234	2
2235	18
2236	42
2237	11
2238	46
2239	13
2240	5
2241	25
2242	34
2243	32
2244	28
2245	43
2246	14
2247	6
2248	22
2249	3
2250	14
2251	21
2252	18
2253	46
2254	20
2255	46
2256	24
2257	29
2258	17
2259	22
2260	45
2261	46
2262	39
2263	44
2264	14
2265	50
2266	23
2267	13
2268	10
2269	15
2270	30
2271	16
2272	7
2273	39
2274	18
2275	10
2276	24
2277	15
2278	3
2279	15
2280	22
2281	48
2282	7
2283	32
2284	17
2285	35
2286	5
2287	26
2288	3
2289	46
2290	48
2291	18
2292	1
2293	6
2294	17
2295	31
2296	43
2297	26
2298	17
2299	11
2300	22
2301	5
2302	44
2303	18
2304	20
2305	5
2306	44
2307	31
2308	44
2309	26
2310	17
2311	16
2312	5
2313	5
2314	31
2315	5
2316	5
2317	17
2318	31
2319	26
2320	50
2321	5
2322	29
2323	17
2324	34
2325	5
2326	18
2327	5
2328	42
2329	17
2330	27
2331	49
2332	44
2333	26
2334	31
2335	22
2336	49
2337	48
2338	48
2339	13
2340	26
2341	10
2342	44
2343	28
2344	22
2345	16
2346	45
2347	38
2348	48
2349	28
2350	31
2351	23
2352	17
2353	22
2354	22
2355	9
2356	3
2357	5
2358	21
2359	27
2360	5
2361	9
2362	22
2363	43
2364	20
2365	34
2366	17
2367	48
2368	9
2369	5
2370	5
2371	48
2372	31
2373	20
2374	22
2375	12
2376	1
2377	5
2378	17
2379	5
2380	31
2381	20
2382	22
2383	48
2384	35
2385	25
2386	26
2387	36
2388	15
2389	46
2390	9
2391	35
2392	23
2393	20
2394	17
2395	12
2396	44
2397	20
2398	26
2399	17
2400	25
2401	44
2402	30
2403	26
2404	24
2405	24
2406	4
2407	8
2408	44
2409	22
2410	22
2411	26
2412	48
2413	17
2414	9
2415	24
2416	8
2417	24
2418	33
2419	39
2420	5
2421	26
2422	44
2423	9
2424	46
2425	46
2426	24
2427	23
2428	48
2429	44
2430	22
2431	2
2432	48
2433	9
2434	46
2435	26
2436	8
2437	19
2438	36
2439	38
2440	9
2441	24
2442	5
2443	17
2444	22
2445	38
2446	46
2447	48
2448	31
2449	44
2450	44
2451	8
2452	2
2453	18
2454	38
2455	22
2456	4
2457	31
2458	5
2459	23
2460	23
2461	43
2462	2
2463	8
2464	14
2465	18
2466	34
2467	38
2468	26
2469	5
2470	18
2471	16
2472	22
2473	48
2474	48
2475	2
2476	17
2477	2
2478	2
2479	22
2480	22
2481	17
2482	5
2483	2
2484	22
2485	8
2486	14
2487	36
2488	38
2489	9
2490	48
2491	38
2492	16
2493	34
2494	18
2495	9
2496	31
2497	44
2498	48
2499	5
2500	31
2501	22
2502	26
2503	8
2504	9
2505	17
2506	5
2507	36
2508	39
2509	23
2510	5
2511	16
2512	8
2513	9
2514	31
2515	22
2516	18
2517	22
2518	9
2519	4
2520	2
2521	44
2522	29
2523	15
2524	38
2525	36
2526	38
2527	23
2528	17
2529	17
2530	14
2531	9
2532	8
2533	18
2534	2
2535	5
2536	22
2537	1
2538	37
2539	9
2540	20
2541	35
2542	38
2543	18
2544	5
2545	31
2546	39
2547	31
2548	48
2549	36
2550	10
2551	38
2552	34
2553	24
2554	31
2555	33
2556	24
2557	14
2558	48
2559	24
2560	17
2561	8
2562	44
2563	4
2564	9
2565	9
2566	24
2567	8
2568	22
2569	20
2570	4
2571	29
2572	48
2573	44
2574	50
2575	3
2576	44
2577	38
2578	29
2579	27
2580	44
2581	18
2582	41
2583	17
2584	38
2585	36
2586	5
2587	2
2588	19
2589	42
2590	22
2591	31
2592	27
2593	44
2594	22
2595	26
2596	20
2597	2
2598	17
2599	34
2600	27
2601	11
2602	8
2603	8
2604	46
2605	14
2606	47
2607	44
2608	22
2609	44
2610	10
2611	44
2612	22
2613	24
2614	30
2615	44
2616	28
2617	31
2618	47
2619	17
2620	11
2621	23
2622	17
2623	44
2624	22
2625	44
2626	17
2627	44
2628	47
2629	38
2630	1
2631	7
2632	17
2633	17
2634	26
2635	17
2636	20
2637	48
2638	44
2639	26
2640	9
2641	8
2642	48
2643	48
2644	17
2645	27
2646	48
2647	22
2648	10
2649	37
2650	16
2651	38
2652	16
2653	17
2654	48
2655	38
2656	17
2657	38
2658	22
2659	30
2660	18
2661	24
2662	20
2663	14
2664	48
2665	37
2666	44
2667	38
2668	32
2669	18
2670	5
2671	38
2672	44
2673	34
2674	17
2675	25
2676	46
2677	43
2678	11
2679	44
2680	22
2681	31
2682	17
2683	44
2684	1
2685	44
2686	44
2687	25
2688	14
2689	48
2690	44
2691	11
2692	44
2693	48
2694	44
2695	17
2696	48
2697	47
2698	31
2699	33
2700	31
2701	2
2702	44
2703	48
2704	44
2705	45
2706	22
2707	17
2708	48
2709	23
2710	47
2711	17
2712	5
2713	22
2714	31
2715	48
2716	47
2717	24
2718	17
2719	48
2720	31
2721	44
2722	17
2723	36
2724	18
2725	28
2726	37
2727	31
2728	25
2729	17
2730	8
2731	38
2732	49
2733	11
2734	17
2735	24
2736	30
2737	27
2738	23
2739	38
2740	7
2741	22
2742	45
2743	2
2744	30
2745	44
2746	41
2747	38
2748	31
2749	47
2750	18
2751	48
2752	17
2753	2
2754	47
2755	31
2756	48
2757	44
2758	34
2759	24
2760	48
2761	17
2762	17
2763	44
2764	31
2765	38
2766	13
2767	4
2768	47
2769	40
2770	22
2771	48
2772	44
2773	26
2774	21
2775	8
2776	23
2777	31
2778	39
2779	48
2780	20
2781	48
2782	10
2783	12
2784	11
2785	28
2786	24
2787	15
2788	48
2789	47
2790	19
2791	23
2792	5
2793	17
2794	23
2795	15
2796	2
2797	44
2798	44
2799	17
2800	34
2801	26
2802	20
2803	22
2804	13
2805	31
2806	5
2807	26
2808	22
2809	9
2810	26
2811	42
2812	17
2813	44
2814	42
2815	48
2816	43
2817	26
2818	17
2819	48
2820	23
2821	20
2822	22
2823	43
2824	5
2825	28
2826	17
2827	40
2828	26
2829	48
2830	1
2831	31
2832	26
2833	48
2834	48
2835	25
2836	34
2837	26
2838	48
2839	47
2840	5
2841	48
2842	21
2843	17
2844	10
2845	49
2846	23
2847	26
2848	31
2849	44
2850	5
2851	31
2852	17
2853	44
2854	17
2855	47
2856	48
2857	16
2858	5
2859	23
2860	2
2861	26
2862	31
2863	47
2864	5
2865	17
2866	5
2867	23
2868	44
2869	44
2870	47
2871	5
2872	26
2873	44
2874	5
2875	23
2876	25
2877	5
2878	48
2879	36
2880	48
2881	2
2882	49
2883	9
2884	47
2885	22
2886	44
2887	38
2888	25
2889	22
2890	17
2891	5
2892	29
2893	24
2894	45
2895	12
2896	17
2897	16
2898	26
2899	9
2900	26
2901	2
2902	6
2903	22
2904	5
2905	9
2906	5
2907	26
2908	40
2909	22
2910	18
2911	9
2912	2
2913	48
2914	31
2915	3
2916	33
2917	4
2918	9
2919	6
2920	44
2921	9
2922	29
2923	24
2924	48
2925	38
2926	48
2927	31
2928	11
2929	20
2930	8
2931	38
2932	49
2933	22
2934	36
2935	8
2936	17
2937	25
2938	47
2939	17
2940	9
2941	17
2942	26
2943	31
2944	26
2945	26
2946	2
2947	26
2948	9
2949	48
2950	8
2951	44
2952	17
2953	2
2954	31
2955	18
2956	5
2957	44
2958	18
2959	6
2960	44
2961	24
2962	26
2963	31
2964	36
2965	8
2966	26
2967	49
2968	44
2969	23
2970	17
2971	44
2972	38
2973	26
2974	9
2975	14
2976	13
2977	2
2978	11
2979	17
2980	4
2981	26
2982	9
2983	34
2984	44
2985	26
2986	22
2987	31
2988	36
2989	3
2990	18
2991	18
2992	24
2993	38
2994	38
2995	4
2996	17
2997	5
2998	16
2999	48
3000	26
3001	2
3002	14
3003	1
3004	26
3005	8
3006	8
3007	24
3008	48
3009	11
3010	26
3011	16
3012	5
3013	36
3014	26
3015	30
3016	9
3017	30
3018	8
3019	36
3020	18
3021	26
3022	3
3023	29
3024	4
3025	2
3026	48
3027	18
3028	24
3029	17
3030	5
3031	9
3032	8
3033	32
3034	31
3035	46
3036	38
3037	48
3038	5
3039	44
3040	48
3041	17
3042	31
3043	17
3044	2
3045	48
3046	1
3047	31
3048	45
3049	8
3050	31
3051	8
3052	46
3053	18
3054	8
3055	17
3056	9
3057	18
3058	18
3059	31
3060	5
3061	40
3062	46
3063	26
3064	2
3065	38
3066	24
3067	48
3068	4
3069	24
3070	36
3071	37
3072	44
3073	41
3074	21
3075	16
3076	9
3077	5
3078	4
3079	5
3080	49
3081	15
3082	18
3083	4
3084	38
3085	12
3086	44
3087	5
3088	50
3089	16
3090	9
3091	22
3092	47
3093	25
3094	28
3095	14
3096	44
3097	31
3098	14
3099	38
3100	41
3101	33
3102	24
3103	17
3104	12
3105	9
3106	8
3107	38
3108	16
3109	13
3110	9
3111	38
3112	7
3113	8
3114	38
3115	17
3116	17
3117	18
3118	18
3119	13
3120	17
3121	14
3122	22
3123	18
3124	46
3125	22
3126	13
3127	47
3128	47
3129	40
3130	47
3131	47
3132	2
3133	1
3134	42
3135	22
3136	5
3137	44
3138	44
3139	9
3140	7
3141	32
3142	9
3143	8
3144	18
3145	11
3146	40
3147	18
3148	6
3149	11
3150	18
3151	27
3152	33
3153	17
3154	7
3155	37
3156	20
3157	4
3158	9
3159	22
3160	11
3161	34
3162	44
3163	29
3164	22
3165	48
3166	8
3167	48
3168	47
3169	20
3170	25
3171	8
3172	4
3173	17
3174	20
3175	11
3176	9
3177	28
3178	44
3179	5
3180	46
3181	38
3182	22
3183	11
3184	47
3185	44
3186	47
3187	17
3188	22
3189	20
3190	17
3191	38
3192	20
3193	9
3194	17
3195	11
3196	48
3197	23
3198	44
3199	47
3200	20
3201	26
3202	37
3203	11
3204	48
3205	38
3206	27
3207	7
3208	18
3209	42
3210	48
3211	20
3212	3
3213	48
3214	1
3215	44
3216	10
3217	22
3218	22
3219	48
3220	20
3221	35
3222	23
3223	32
3224	17
3225	23
3226	17
3227	7
3228	11
3229	38
3230	24
3231	22
3232	14
3233	38
3234	34
3235	28
3236	22
3237	34
3238	2
3239	47
3240	17
3241	18
3242	44
3243	48
3244	1
3245	24
3246	36
3247	48
3248	22
3249	7
3250	25
3251	47
3252	17
3253	32
3254	4
3255	31
3256	44
3257	33
3258	24
3259	17
3260	23
3261	38
3262	47
3263	31
3264	31
3265	31
3266	48
3267	13
3268	47
3269	17
3270	22
3271	20
3272	22
3273	39
3274	6
3275	23
3276	31
3277	23
3278	13
3279	8
3280	17
3281	50
3282	31
3283	30
3284	22
3285	14
3286	4
3287	41
3288	31
3289	28
3290	35
3291	11
3292	39
3293	9
3294	17
3295	15
3296	2
3297	44
3298	39
3299	44
3300	26
3301	46
3302	23
3303	31
3304	2
3305	5
3306	20
3307	23
3308	28
3309	31
3310	23
3311	17
3312	11
3313	44
3314	14
3315	20
3316	22
3317	23
3318	24
3319	7
3320	40
3321	31
3322	39
3323	49
3324	23
3325	14
3326	7
3327	1
3328	7
3329	34
3330	17
3331	24
3332	48
3333	11
3334	19
3335	22
3336	48
3337	23
3338	17
3339	22
3340	48
3341	21
3342	3
3343	26
3344	26
3345	40
3346	48
3347	39
3348	21
3349	26
3350	17
3351	24
3352	20
3353	49
3354	22
3355	48
3356	34
3357	31
3358	23
3359	24
3360	17
3361	36
3362	42
3363	36
3364	16
3365	11
3366	35
3367	11
3368	41
3369	31
3370	31
3371	31
3372	25
3373	41
3374	24
3375	27
3376	24
3377	36
3378	45
3379	44
3380	44
3381	18
3382	33
3383	1
3384	23
3385	30
3386	14
3387	32
3388	19
3389	41
3390	31
3391	17
3392	26
3393	15
3394	16
3395	48
3396	44
3397	44
3398	9
3399	20
3400	31
3401	44
3402	24
3403	5
3404	2
3405	9
3406	6
3407	25
3408	13
3409	24
3410	13
3411	33
3412	9
3413	22
3414	48
3415	17
3416	24
3417	31
3418	46
3419	31
3420	2
3421	46
3422	38
3423	48
3424	8
3425	44
3426	34
3427	17
3428	17
3429	44
3430	16
3431	23
3432	48
3433	48
3434	18
3435	16
3436	44
3437	48
3438	31
3439	5
3440	16
3441	23
3442	46
3443	5
3444	31
3445	9
3446	4
3447	22
3448	48
3449	22
3450	13
3451	24
3452	36
3453	2
3454	24
3455	23
3456	23
3457	47
3458	5
3459	17
3460	11
3461	8
3462	25
3463	26
3464	24
3465	38
3466	8
3467	3
3468	26
3469	9
3470	44
3471	45
3472	8
3473	14
3474	9
3475	8
3476	38
3477	44
3478	24
3479	50
3480	8
3481	25
3482	2
3483	38
3484	5
3485	22
3486	18
3487	18
3488	8
3489	49
3490	48
3491	22
3492	31
3493	48
3494	5
3495	44
3496	8
3497	45
3498	26
3499	4
3500	48
3501	46
3502	26
3503	22
3504	5
3505	26
3506	38
3507	29
3508	44
3509	9
3510	9
3511	22
3512	5
3513	14
3514	47
3515	4
3516	38
3517	22
3518	44
3519	17
3520	8
3521	22
3522	39
3523	3
3524	22
3525	34
3526	2
3527	9
3528	5
3529	17
3530	32
3531	1
3532	7
3533	31
3534	38
3535	22
3536	8
3537	32
3538	9
3539	2
3540	31
3541	18
3542	13
3543	2
3544	17
3545	7
3546	44
3547	4
3548	22
3549	48
3550	26
3551	2
3552	14
3553	34
3554	38
3555	5
3556	5
3557	7
3558	24
3559	17
3560	22
3561	20
3562	8
3563	44
3564	8
3565	20
3566	22
3567	2
3568	22
3569	31
3570	44
3571	2
3572	32
3573	9
3574	44
3575	44
3576	5
3577	5
3578	8
3579	17
3580	5
3581	29
3582	26
3583	16
3584	8
3585	24
3586	14
3587	4
3588	10
3589	27
3590	44
3591	2
3592	26
3593	5
3594	38
3595	20
3596	16
3597	26
3598	17
3599	36
3600	48
3601	44
3602	18
3603	44
3604	31
3605	38
3606	15
3607	10
3608	8
3609	17
3610	18
3611	50
3612	22
3613	26
3614	26
3615	33
3616	8
3617	22
3618	38
3619	22
3620	38
3621	14
3622	11
3623	22
3624	6
3625	14
3626	7
3627	21
3628	9
3629	13
3630	2
3631	14
3632	17
3633	22
3634	27
3635	28
3636	34
3637	44
3638	31
3639	17
3640	9
3641	22
3642	17
3643	9
3644	7
3645	11
3646	18
3647	1
3648	17
3649	16
3650	14
3651	5
3652	34
3653	48
3654	7
3655	33
3656	34
3657	22
3658	14
3659	22
3660	11
3661	20
3662	9
3663	39
3664	30
3665	25
3666	6
3667	48
3668	47
3669	22
3670	5
3671	48
3672	8
3673	44
3674	6
3675	44
3676	1
3677	20
3678	34
3679	26
3680	11
3681	5
3682	9
3683	17
3684	5
3685	38
3686	26
3687	18
3688	8
3689	49
3690	18
3691	17
3692	16
3693	11
3694	22
3695	9
3696	26
3697	17
3698	17
3699	17
3700	34
3701	11
3702	34
3703	44
3704	17
3705	8
3706	38
3707	17
3708	8
3709	22
3710	33
3711	2
3712	48
3713	2
3714	44
3715	3
3716	25
3717	17
3718	36
3719	4
3720	34
3721	16
3722	4
3723	18
3724	44
3725	28
3726	1
3727	14
3728	36
3729	44
3730	23
3731	17
3732	46
3733	31
3734	31
3735	5
3736	2
3737	28
3738	18
3739	9
3740	23
3741	31
3742	34
3743	41
3744	19
3745	32
3746	17
3747	20
3748	22
3749	45
3750	31
3751	22
3752	44
3753	48
3754	22
3755	31
3756	48
3757	17
3758	45
3759	26
3760	17
3761	23
3762	24
3763	8
3764	42
3765	17
3766	23
3767	44
3768	47
3769	31
3770	48
3771	16
3772	47
3773	34
3774	2
3775	44
3776	44
3777	18
3778	17
3779	48
3780	31
3781	13
3782	9
3783	44
3784	47
3785	44
3786	17
3787	44
3788	29
3789	17
3790	24
3791	17
3792	17
3793	22
3794	22
3795	4
3796	22
3797	11
3798	9
3799	10
3800	43
3801	31
3802	16
3803	31
3804	8
3805	38
3806	48
3807	34
3808	38
3809	27
3810	31
3811	23
3812	24
3813	44
3814	38
3815	26
3816	1
3817	48
3818	3
3819	22
3820	47
3821	13
3822	39
3823	7
3824	22
3825	9
3826	49
3827	10
3828	10
3829	31
3830	5
3831	2
3832	31
3833	48
3834	11
3835	31
3836	17
3837	48
3838	44
3839	16
3840	26
3841	35
3842	17
3843	34
3844	50
3845	17
3846	20
3847	48
3848	43
3849	17
3850	14
3851	27
3852	44
3853	32
3854	26
3855	44
3856	17
3857	10
3858	22
3859	22
3860	47
3861	27
3862	47
3863	26
3864	24
3865	24
3866	27
3867	11
3868	26
3869	24
3870	11
3871	8
3872	33
3873	22
3874	5
3875	48
3876	7
3877	8
3878	24
3879	17
3880	21
3881	28
3882	22
3883	17
3884	20
3885	23
3886	22
3887	18
3888	24
3889	26
3890	26
3891	47
3892	28
3893	22
3894	16
3895	26
3896	5
3897	22
3898	26
3899	5
3900	31
3901	6
3902	18
3903	5
3904	27
3905	5
3906	44
3907	17
3908	31
3909	26
3910	38
3911	33
3912	22
3913	31
3914	22
3915	35
3916	24
3917	30
3918	5
3919	31
3920	47
3921	48
3922	2
3923	47
3924	50
3925	24
3926	48
3927	26
3928	39
3929	13
3930	26
3931	26
3932	16
3933	22
3934	17
3935	11
3936	17
3937	48
3938	2
3939	4
3940	48
3941	46
3942	15
3943	38
3944	24
3945	24
3946	48
3947	38
3948	13
3949	9
3950	31
3951	31
3952	22
3953	17
3954	9
3955	5
3956	17
3957	22
3958	38
3959	38
3960	5
3961	9
3962	2
3963	17
3964	22
3965	36
3966	44
3967	17
3968	8
3969	26
3970	44
3971	40
3972	17
3973	36
3974	48
3975	22
3976	22
3977	48
3978	14
3979	2
3980	29
3981	17
3982	36
3983	44
3984	26
3985	16
3986	2
3987	24
3988	38
3989	40
3990	31
3991	8
3992	17
3993	2
3994	47
3995	47
3996	23
3997	5
3998	17
3999	17
4000	14
4001	24
4002	17
4003	2
4004	2
4005	24
4006	18
4007	31
4008	22
4009	9
4010	2
4011	8
4012	31
4013	38
4014	17
4015	7
4016	8
4017	17
4018	14
4019	38
4020	8
4021	16
4022	29
4023	3
4024	48
4025	27
4026	24
4027	31
4028	9
4029	7
4030	50
4031	26
4032	2
4033	26
4034	26
4035	44
4036	44
4037	26
4038	8
4039	24
4040	8
4041	16
4042	31
4043	22
4044	23
4045	1
4046	18
4047	31
4048	45
4049	5
4050	40
4051	24
4052	5
4053	22
4054	5
4055	5
4056	48
4057	8
4058	38
4059	15
4060	4
4061	18
4062	21
4063	48
4064	5
4065	48
4066	14
4067	48
4068	9
4069	21
4070	22
4071	18
4072	17
4073	26
4074	25
4075	44
4076	20
4077	17
4078	2
4079	17
4080	17
4081	2
4082	18
4083	38
4084	38
4085	18
4086	38
4087	18
4088	49
4089	24
4090	8
4091	10
4092	39
4093	17
4094	9
4095	31
4096	9
4097	45
4098	26
4099	24
4100	24
4101	49
4102	3
4103	39
4104	26
4105	22
4106	24
4107	27
4108	27
4109	22
4110	8
4111	8
4112	5
4113	45
4114	11
4115	18
4116	16
4117	27
4118	14
4119	31
4120	28
4121	25
4122	22
4123	9
4124	42
4125	11
4126	11
4127	47
4128	8
4129	29
4130	11
4131	28
4132	47
4133	18
4134	47
4135	4
4136	44
4137	7
4138	19
4139	15
4140	36
4141	5
4142	15
4143	4
4144	41
4145	31
4146	33
4147	14
4148	28
4149	8
4150	47
4151	18
4152	14
4153	22
4154	45
4155	2
4156	19
4157	38
4158	9
4159	18
4160	21
4161	33
4162	26
4163	47
4164	26
4165	26
4166	47
4167	14
4168	11
4169	39
4170	2
4171	16
4172	20
4173	12
4174	26
4175	20
4176	47
4177	1
4178	47
4179	31
4180	15
4181	10
4182	38
4183	30
4184	46
4185	7
4186	18
4187	46
4188	38
4189	14
4190	11
4191	27
4192	14
4193	4
4194	35
4195	17
4196	47
4197	46
4198	36
4199	34
4200	25
4201	31
4202	25
4203	18
4204	28
4205	49
4206	18
4207	44
4208	35
4209	33
4210	25
4211	18
4212	11
4213	24
4214	1
4215	44
4216	22
4217	23
4218	11
4219	25
4220	46
4221	35
4222	28
4223	9
4224	2
4225	20
4226	26
4227	42
4228	3
4229	7
4230	33
4231	20
4232	41
4233	7
4234	47
4235	11
4236	29
4237	22
4238	45
4239	27
4240	26
4241	22
4242	47
4243	24
4244	31
4245	11
4246	5
4247	11
4248	45
4249	32
4250	47
4251	44
4252	48
4253	20
4254	2
4255	16
4256	40
4257	50
4258	14
4259	44
4260	18
4261	44
4262	28
4263	43
4264	46
4265	16
4266	45
4267	22
4268	45
4269	23
4270	44
4271	30
4272	7
4273	38
4274	2
4275	22
4276	20
4277	21
4278	11
4279	43
4280	2
4281	31
4282	44
4283	22
4284	39
4285	8
4286	45
4287	46
4288	22
4289	44
4290	16
4291	39
4292	44
4293	22
4294	1
4295	4
4296	44
4297	13
4298	37
4299	16
4300	17
4301	8
4302	17
4303	47
4304	18
4305	9
4306	22
4307	13
4308	1
4309	44
4310	18
4311	22
4312	15
4313	23
4314	38
4315	8
4316	39
4317	18
4318	36
4319	2
4320	44
4321	20
4322	18
4323	5
4324	36
4325	31
4326	27
4327	39
4328	26
4329	22
4330	2
4331	26
4332	17
4333	26
4334	47
4335	38
4336	47
4337	31
4338	45
4339	27
4340	17
4341	44
4342	26
4343	20
4344	11
4345	17
4346	47
4347	27
4348	44
4349	43
4350	5
4351	44
4352	44
4353	15
4354	26
4355	22
4356	26
4357	26
4358	13
4359	15
4360	48
4361	17
4362	10
4363	27
4364	10
4365	16
4366	48
4367	27
4368	20
4369	39
4370	22
4371	22
4372	22
4373	48
4374	22
4375	36
4376	36
4377	49
4378	38
4379	12
4380	24
4381	44
4382	8
4383	26
4384	22
4385	36
4386	26
4387	48
4388	8
4389	48
4390	27
4391	24
4392	26
4393	6
4394	36
4395	5
4396	5
4397	36
4398	38
4399	44
4400	31
4401	39
4402	31
4403	48
4404	1
4405	13
4406	26
4407	26
4408	30
4409	46
4410	26
4411	9
4412	26
4413	33
4414	22
4415	48
4416	13
4417	48
4418	16
4419	44
4420	24
4421	5
4422	44
4423	22
4424	25
4425	23
4426	22
4427	9
4428	24
4429	9
4430	11
4431	18
4432	48
4433	5
4434	22
4435	17
4436	45
4437	24
4438	2
4439	31
4440	34
4441	5
4442	26
4443	33
4444	23
4445	24
4446	28
4447	26
4448	8
4449	22
4450	31
4451	31
4452	31
4453	37
4454	25
4455	48
4456	24
4457	5
4458	44
4459	36
4460	24
4461	16
4462	36
4463	5
4464	9
4465	9
4466	16
4467	31
4468	48
4469	2
4470	24
4471	17
4472	4
4473	8
4474	2
4475	44
4476	2
4477	5
4478	44
4479	22
4480	37
4481	17
4482	9
4483	9
4484	38
4485	18
4486	9
4487	18
4488	22
4489	34
4490	48
4491	44
4492	8
4493	23
4494	8
4495	38
4496	9
4497	18
4498	2
4499	31
4500	31
4501	28
4502	22
4503	24
4504	18
4505	26
4506	2
4507	40
4508	4
4509	6
4510	31
4511	38
4512	24
4513	14
4514	2
4515	38
4516	48
4517	11
4518	26
4519	48
4520	21
4521	11
4522	31
4523	17
4524	48
4525	7
4526	9
4527	16
4528	44
4529	26
4530	7
4531	18
4532	38
4533	24
4534	4
4535	2
4536	34
4537	24
4538	16
4539	24
4540	23
4541	16
4542	45
4543	30
4544	5
4545	8
4546	24
4547	31
4548	31
4549	9
4550	48
4551	5
4552	21
4553	26
4554	32
4555	38
4556	29
4557	8
4558	5
4559	31
4560	18
4561	2
4562	38
4563	2
4564	38
4565	18
4566	11
4567	14
4568	44
4569	26
4570	18
4571	5
4572	2
4573	5
4574	36
4575	18
4576	22
4577	5
4578	25
4579	14
4580	24
4581	20
4582	6
4583	5
4584	36
4585	38
4586	8
4587	3
4588	31
4589	17
4590	27
4591	27
4592	24
4593	14
4594	38
4595	16
4596	2
4597	38
4598	8
4599	44
4600	5
4601	39
4602	18
4603	5
4604	22
4605	29
4606	37
4607	9
4608	9
4609	21
4610	2
4611	8
4612	44
4613	38
4614	44
4615	6
4616	22
4617	8
4618	8
4619	18
4620	2
4621	46
4622	44
4623	16
4624	19
4625	3
4626	22
4627	21
4628	38
4629	11
4630	12
4631	22
4632	2
4633	9
4634	22
4635	13
4636	8
4637	17
4638	2
4639	22
4640	49
4641	25
4642	17
4643	9
4644	36
4645	38
4646	2
4647	39
4648	22
4649	36
4650	10
4651	9
4652	47
4653	38
4654	28
4655	31
4656	24
4657	17
4658	7
4659	44
4660	8
4661	8
4662	2
4663	48
4664	41
4665	21
4666	17
4667	3
4668	24
4669	1
4670	17
4671	22
4672	26
4673	22
4674	18
4675	34
4676	25
4677	44
4678	1
4679	44
4680	7
4681	38
4682	48
4683	4
4684	11
4685	8
4686	34
4687	48
4688	17
4689	38
4690	18
4691	16
4692	48
4693	22
4694	44
4695	22
4696	48
4697	1
4698	17
4699	1
4700	17
4701	22
4702	44
4703	14
4704	18
4705	20
4706	1
4707	38
4708	5
4709	48
4710	1
4711	44
4712	8
4713	46
4714	9
4715	48
4716	17
4717	21
4718	22
4719	21
4720	2
4721	44
4722	1
4723	18
4724	18
4725	48
4726	18
4727	48
4728	22
4729	28
4730	22
4731	17
4732	24
4733	37
4734	14
4735	22
4736	33
4737	15
4738	8
4739	31
4740	17
4741	17
4742	18
4743	48
4744	34
4745	43
4746	48
4747	22
4748	8
4749	29
4750	48
4751	11
4752	43
4753	11
4754	24
4755	37
4756	20
4757	37
4758	25
4759	50
4760	22
4761	22
4762	23
4763	44
4764	50
4765	22
4766	32
4767	20
4768	44
4769	10
4770	11
4771	17
4772	44
4773	38
4774	14
4775	14
4776	31
4777	7
4778	19
4779	1
4780	38
4781	22
4782	44
4783	23
4784	22
4785	44
4786	48
4787	22
4788	44
4789	17
4790	44
4791	24
4792	44
4793	48
4794	22
4795	26
4796	26
4797	40
4798	9
4799	14
4800	13
4801	22
4802	44
4803	29
4804	21
4805	23
4806	38
4807	29
4808	7
4809	17
4810	22
4811	9
4812	20
4813	47
4814	24
4815	22
4816	26
4817	48
4818	17
4819	44
4820	16
4821	32
4822	8
4823	13
4824	2
4825	26
4826	44
4827	36
4828	20
4829	17
4830	20
4831	18
4832	18
4833	22
4834	47
4835	17
4836	28
4837	26
4838	5
4839	31
4840	35
4841	44
4842	11
4843	26
4844	22
4845	31
4846	17
4847	17
4848	10
4849	5
4850	17
4851	34
4852	20
4853	13
4854	31
4855	22
4856	39
4857	23
4858	10
4859	32
4860	49
4861	22
4862	18
4863	35
4864	44
4865	20
4866	42
4867	44
4868	1
4869	48
4870	48
4871	13
4872	34
4873	44
4874	31
4875	31
4876	17
4877	36
4878	26
4879	44
4880	27
4881	17
4882	36
4883	17
4884	33
4885	42
4886	17
4887	44
4888	16
4889	47
4890	48
4891	44
4892	47
4893	31
4894	16
4895	20
4896	36
4897	5
4898	34
4899	26
4900	36
4901	10
4902	37
4903	22
4904	23
4905	48
4906	44
4907	24
4908	38
4909	10
4910	27
4911	24
4912	34
4913	30
4914	22
4915	48
4916	22
4917	5
4918	31
4919	9
4920	17
4921	9
4922	1
4923	9
4924	42
4925	29
4926	18
4927	23
4928	11
4929	24
4930	5
4931	26
4932	2
4933	2
4934	44
4935	42
4936	2
4937	2
4938	23
4939	26
4940	31
4941	5
4942	16
4943	31
4944	48
4945	5
4946	48
4947	31
4948	20
4949	9
4950	24
4951	2
4952	25
4953	8
4954	20
4955	35
4956	22
4957	2
4958	34
4959	26
4960	37
4961	44
4962	24
4963	26
4964	23
4965	31
4966	34
4967	26
4968	4
4969	36
4970	47
4971	26
4972	31
4973	22
4974	8
4975	12
4976	48
4977	48
4978	35
4979	17
4980	5
4981	31
4982	44
4983	31
4984	26
4985	26
4986	23
4987	26
4988	2
4989	31
4990	44
4991	4
4992	38
4993	22
4994	44
4995	9
4996	13
4997	44
4998	44
4999	23
5000	9
