1	1
2	2
3	3
4	4
5	5
6	6
7	7
8	8
9	9
10	10
11	11
12	12
13	13
14	14
15	15
16	16
17	17
18	18
19	19
20	9
21	20
22	21
23	22
24	23
25	24
26	13
27	18
28	25
29	26
30	27
31	28
32	29
33	30
34	24
35	31
36	32
37	6
38	33
39	34
40	15
41	8
42	35
43	36
44	37
45	38
46	39
47	11
48	40
49	41
50	31
51	42
52	43
53	44
54	45
55	28
56	24
57	41
58	46
59	47
60	48
61	38
62	49
63	43
64	41
65	50
66	28
67	51
68	52
69	53
70	54
71	55
72	49
73	56
74	57
75	58
76	24
77	59
78	55
79	60
80	30
81	48
82	32
83	61
84	62
85	50
86	63
87	64
88	65
89	66
90	64
91	2
92	32
93	67
94	67
95	65
96	55
97	50
98	68
99	69
100	65
101	70
102	20
103	60
104	71
105	67
106	36
107	72
108	73
109	72
110	74
111	67
112	75
113	76
114	9
115	77
116	18
117	75
118	68
119	75
120	78
121	79
122	39
123	12
124	80
125	67
126	64
127	38
128	42
129	61
130	55
131	35
132	81
133	23
134	33
135	71
136	52
137	27
138	28
139	82
140	42
141	30
142	83
143	84
144	6
145	61
146	27
147	2
148	13
149	77
150	66
151	64
152	67
153	35
154	85
155	86
156	87
157	88
158	89
159	20
160	90
161	89
162	8
163	60
164	55
165	91
166	76
167	92
168	42
169	93
170	11
171	80
172	94
173	66
174	80
175	81
176	95
177	42
178	96
179	2
180	85
181	74
182	5
183	97
184	98
185	19
186	99
187	44
188	24
189	65
190	78
191	44
192	4
193	100
194	20
195	86
196	67
197	61
198	23
199	101
200	13
201	21
202	102
203	39
204	103
205	24
206	104
207	47
208	105
209	106
210	24
211	30
212	2
213	57
214	68
215	50
216	34
217	50
218	27
219	37
220	59
221	26
222	68
223	78
224	3
225	30
226	64
227	89
228	107
229	68
230	44
231	26
232	35
233	31
234	27
235	108
236	65
237	54
238	109
239	86
240	110
241	5
242	18
243	85
244	111
245	112
246	2
247	12
248	99
249	67
250	39
251	109
252	82
253	110
254	28
255	59
256	110
257	18
258	104
259	40
260	61
261	113
262	2
263	11
264	114
265	23
266	15
267	115
268	67
269	47
270	79
271	58
272	116
273	110
274	65
275	107
276	28
277	102
278	117
279	26
280	19
281	60
282	40
283	118
284	98
285	22
286	86
287	107
288	36
289	119
290	65
291	13
292	104
293	36
294	62
295	82
296	37
297	47
298	21
299	110
300	65
301	111
302	16
303	7
304	76
305	47
306	33
307	24
308	55
309	2
310	63
311	99
312	93
313	22
314	120
315	47
316	29
317	112
318	14
319	53
320	33
321	118
322	121
323	51
324	16
325	21
326	122
327	80
328	33
329	111
330	36
331	67
332	98
333	64
334	59
335	81
336	38
337	74
338	19
339	66
340	55
341	54
342	36
343	118
344	47
345	85
346	51
347	123
348	124
349	82
350	60
351	81
352	66
353	33
354	38
355	125
356	80
357	107
358	65
359	126
360	86
361	36
362	118
363	61
364	93
365	56
366	92
367	15
368	96
369	24
370	63
371	38
372	12
373	55
374	107
375	127
376	47
377	33
378	54
379	3
380	38
381	86
382	15
383	14
384	40
385	60
386	44
387	27
388	38
389	36
390	110
391	24
392	93
393	81
394	93
395	110
396	111
397	107
398	13
399	55
400	86
401	73
402	40
403	26
404	75
405	19
406	104
407	75
408	80
409	93
410	125
411	110
412	12
413	117
414	47
415	23
416	86
417	26
418	66
419	111
420	105
421	27
422	105
423	26
424	34
425	23
426	46
427	75
428	30
429	26
430	117
431	115
432	29
433	45
434	104
435	127
436	97
437	127
438	96
439	84
440	116
441	55
442	111
443	12
444	113
445	111
446	54
447	66
448	101
449	18
450	11
451	126
452	41
453	86
454	28
455	128
456	114
457	118
458	129
459	34
460	56
461	57
462	19
463	79
464	118
465	119
466	27
467	24
468	30
469	98
470	35
471	129
472	64
473	130
474	19
475	55
476	99
477	64
478	17
479	76
480	57
481	23
482	63
483	19
484	28
485	130
486	14
487	121
488	111
489	31
490	131
491	19
492	86
493	48
494	36
495	55
496	132
497	133
498	47
499	26
500	17
501	54
502	13
503	95
504	68
505	33
506	63
507	70
508	64
509	47
510	43
511	64
512	63
513	12
514	19
515	9
516	7
517	13
518	34
519	88
520	61
521	93
522	6
523	27
524	28
525	63
526	125
527	88
528	28
529	1
530	54
531	16
532	35
533	134
534	91
535	39
536	110
537	127
538	87
539	61
540	35
541	112
542	115
543	92
544	24
545	23
546	4
547	12
548	109
549	61
550	88
551	31
552	40
553	32
554	12
555	7
556	33
557	26
558	32
559	30
560	135
561	120
562	132
563	27
564	38
565	28
566	76
567	120
568	51
569	27
570	107
571	84
572	119
573	87
574	39
575	105
576	120
577	98
578	64
579	30
580	55
581	2
582	35
583	2
584	39
585	84
586	39
587	136
588	137
589	37
590	122
591	47
592	24
593	68
594	37
595	53
596	24
597	130
598	61
599	105
600	63
601	37
602	62
603	8
604	33
605	64
606	128
607	137
608	25
609	138
610	100
611	15
612	93
613	110
614	112
615	68
616	5
617	92
618	2
619	99
620	71
621	62
622	47
623	61
624	15
625	68
626	89
627	50
628	122
629	68
630	139
631	15
632	131
633	15
634	93
635	68
636	121
637	64
638	31
639	40
640	65
641	114
642	12
643	63
644	60
645	37
646	19
647	37
648	19
649	109
650	125
651	93
652	137
653	55
654	80
655	68
656	36
657	37
658	93
659	39
660	84
661	130
662	86
663	90
664	5
665	84
666	65
667	87
668	125
669	66
670	97
671	76
672	2
673	107
674	18
675	140
676	105
677	76
678	115
679	39
680	98
681	139
682	80
683	81
684	47
685	133
686	5
687	21
688	103
689	109
690	75
691	42
692	86
693	15
694	106
695	23
696	99
697	116
698	82
699	119
700	36
701	39
702	123
703	128
704	82
705	2
706	141
707	55
708	30
709	63
710	111
711	84
712	93
713	142
714	30
715	22
716	122
717	44
718	118
719	97
720	77
721	124
722	109
723	14
724	81
725	99
726	132
727	126
728	33
729	122
730	18
731	97
732	26
733	34
734	34
735	18
736	110
737	129
738	65
739	34
740	124
741	3
742	111
743	85
744	63
745	129
746	78
747	30
748	65
749	40
750	10
751	115
752	14
753	143
754	132
755	124
756	101
757	111
758	110
759	98
760	81
761	89
762	117
763	12
764	84
765	90
766	54
767	73
768	47
769	101
770	110
771	99
772	44
773	17
774	88
775	6
776	60
777	34
778	84
779	107
780	39
781	68
782	85
783	38
784	120
785	68
786	46
787	50
788	83
789	61
790	81
791	121
792	26
793	130
794	113
795	82
796	63
797	114
798	47
799	24
800	117
801	115
802	34
803	24
804	111
805	110
806	59
807	23
808	55
809	92
810	119
811	65
812	22
813	118
814	47
815	110
816	67
817	81
818	23
819	42
820	1
821	44
822	55
823	34
824	90
825	112
826	140
827	101
828	25
829	77
830	128
831	99
832	110
833	61
834	101
835	56
836	65
837	19
838	51
839	107
840	72
841	30
842	23
843	127
844	124
845	95
846	18
847	70
848	94
849	55
850	124
851	93
852	7
853	111
854	50
855	120
856	38
857	122
858	107
859	52
860	33
861	54
862	129
863	119
864	102
865	101
866	21
867	117
868	56
869	130
870	85
871	3
872	66
873	111
874	44
875	109
876	93
877	33
878	117
879	82
880	81
881	33
882	125
883	126
884	124
885	47
886	24
887	110
888	27
889	33
890	15
891	44
892	31
893	26
894	83
895	65
896	47
897	117
898	67
899	23
900	125
901	65
902	124
903	53
904	75
905	117
906	10
907	109
908	68
909	12
910	67
911	6
912	2
913	127
914	81
915	34
916	35
917	84
918	124
919	117
920	41
921	110
922	75
923	25
924	93
925	23
926	29
927	95
928	47
929	105
930	66
931	74
932	116
933	54
934	65
935	106
936	4
937	97
938	62
939	94
940	12
941	117
942	20
943	11
944	13
945	9
946	118
947	93
948	139
949	54
950	36
951	76
952	20
953	36
954	55
955	15
956	24
957	36
958	23
959	97
960	128
961	67
962	103
963	118
964	32
965	68
966	142
967	117
968	100
969	24
970	27
971	28
972	55
973	29
974	65
975	30
976	26
977	95
978	86
979	35
980	26
981	93
982	133
983	21
984	82
985	14
986	12
987	117
988	51
989	15
990	128
991	59
992	85
993	80
994	17
995	125
996	118
997	97
998	106
999	63
1000	19
1001	86
1002	10
1003	98
1004	131
1005	47
1006	110
1007	23
1008	47
1009	51
1010	15
1011	19
1012	47
1013	117
1014	64
1015	111
1016	134
1017	7
1018	133
1019	27
1020	128
1021	133
1022	86
1023	75
1024	126
1025	39
1026	27
1027	105
1028	122
1029	7
1030	113
1031	52
1032	86
1033	123
1034	106
1035	104
1036	60
1037	75
1038	121
1039	84
1040	144
1041	125
1042	87
1043	61
1044	123
1045	19
1046	137
1047	7
1048	28
1049	87
1050	90
1051	85
1052	128
1053	64
1054	81
1055	68
1056	118
1057	62
1058	75
1059	32
1060	65
1061	65
1062	42
1063	7
1064	116
1065	2
1066	118
1067	53
1068	96
1069	32
1070	144
1071	64
1072	65
1073	116
1074	123
1075	44
1076	55
1077	88
1078	60
1079	26
1080	84
1081	128
1082	59
1083	110
1084	25
1085	19
1086	44
1087	49
1088	50
1089	20
1090	112
1091	40
1092	24
1093	78
1094	45
1095	57
1096	43
1097	93
1098	143
1099	41
1100	2
1101	110
1102	119
1103	145
1104	125
1105	105
1106	30
1107	143
1108	86
1109	4
1110	146
1111	84
1112	28
1113	129
1114	76
1115	75
1116	129
1117	5
1118	138
1119	6
1120	1
1121	70
1122	130
1123	140
1124	128
1125	68
1126	60
1127	17
1128	135
1129	50
1130	147
1131	47
1132	95
1133	136
1134	15
1135	15
1136	2
1137	55
1138	43
1139	68
1140	17
1141	31
1142	55
1143	146
1144	143
1145	56
1146	28
1147	110
1148	47
1149	12
1150	15
1151	70
1152	12
1153	81
1154	113
1155	35
1156	126
1157	56
1158	64
1159	107
1160	10
1161	13
1162	30
1163	30
1164	11
1165	104
1166	89
1167	65
1168	12
1169	125
1170	50
1171	55
1172	100
1173	75
1174	80
1175	7
1176	65
1177	124
1178	136
1179	82
1180	34
1181	148
1182	34
1183	74
1184	87
1185	86
1186	20
1187	67
1188	107
1189	4
1190	65
1191	23
1192	82
1193	148
1194	47
1195	4
1196	82
1197	18
1198	107
1199	107
1200	5
1201	34
1202	124
1203	106
1204	139
1205	80
1206	5
1207	2
1208	34
1209	109
1210	111
1211	86
1212	65
1213	28
1214	2
1215	123
1216	44
1217	66
1218	40
1219	63
1220	101
1221	71
1222	111
1223	99
1224	135
1225	128
1226	136
1227	107
1228	101
1229	146
1230	39
1231	101
1232	65
1233	81
1234	66
1235	25
1236	137
1237	84
1238	89
1239	56
1240	56
1241	81
1242	47
1243	42
1244	99
1245	142
1246	34
1247	133
1248	54
1249	78
1250	104
1251	128
1252	82
1253	42
1254	128
1255	105
1256	44
1257	5
1258	118
1259	50
1260	81
1261	110
1262	44
1263	56
1264	129
1265	39
1266	110
1267	20
1268	103
1269	128
1270	60
1271	44
1272	44
1273	139
1274	68
1275	28
1276	118
1277	15
1278	104
1279	111
1280	107
1281	110
1282	111
1283	21
1284	5
1285	130
1286	36
1287	44
1288	107
1289	63
1290	110
1291	40
1292	97
1293	92
1294	56
1295	15
1296	76
1297	14
1298	39
1299	116
1300	83
1301	111
1302	38
1303	104
1304	74
1305	120
1306	1
1307	50
1308	13
1309	98
1310	114
1311	138
1312	117
1313	128
1314	63
1315	91
1316	98
1317	27
1318	128
1319	126
1320	44
1321	128
1322	117
1323	70
1324	36
1325	70
1326	89
1327	99
1328	54
1329	36
1330	81
1331	26
1332	85
1333	1
1334	93
1335	68
1336	67
1337	86
1338	117
1339	136
1340	86
1341	28
1342	36
1343	7
1344	35
1345	117
1346	54
1347	15
1348	86
1349	140
1350	63
1351	123
1352	37
1353	86
1354	55
1355	37
1356	39
1357	63
1358	110
1359	53
1360	81
1361	77
1362	18
1363	34
1364	66
1365	2
1366	111
1367	72
1368	36
1369	110
1370	63
1371	107
1372	72
1373	75
1374	7
1375	54
1376	80
1377	41
1378	24
1379	75
1380	128
1381	100
1382	71
1383	125
1384	54
1385	125
1386	7
1387	111
1388	97
1389	48
1390	64
1391	114
1392	7
1393	101
1394	136
1395	76
1396	117
1397	73
1398	38
1399	75
1400	64
1401	126
1402	63
1403	106
1404	114
1405	7
1406	55
1407	117
1408	9
1409	118
1410	13
1411	23
1412	39
1413	33
1414	26
1415	72
1416	75
1417	75
1418	27
1419	132
1420	55
1421	34
1422	112
1423	68
1424	110
1425	15
1426	83
1427	36
1428	107
1429	83
1430	125
1431	118
1432	70
1433	16
1434	76
1435	99
1436	36
1437	84
1438	107
1439	21
1440	63
1441	128
1442	125
1443	93
1444	32
1445	111
1446	27
1447	26
1448	110
1449	101
1450	63
1451	33
1452	4
1453	14
1454	101
1455	34
1456	70
1457	28
1458	116
1459	107
1460	89
1461	76
1462	133
1463	63
1464	118
1465	147
1466	107
1467	27
1468	107
1469	99
1470	44
1471	19
1472	142
1473	36
1474	5
1475	28
1476	124
1477	132
1478	30
1479	24
1480	82
1481	118
1482	30
1483	118
1484	35
1485	95
1486	44
1487	28
1488	26
1489	86
1490	111
1491	63
1492	84
1493	63
1494	118
1495	55
1496	23
1497	112
1498	47
1499	36
1500	47
1501	118
1502	58
1503	125
1504	118
1505	26
1506	10
1507	137
1508	89
1509	26
1510	54
1511	82
1512	23
1513	64
1514	12
1515	14
1516	55
1517	15
1518	72
1519	97
1520	97
1521	122
1522	73
1523	107
1524	75
1525	54
1526	110
1527	109
1528	66
1529	65
1530	26
1531	136
1532	22
1533	31
1534	60
1535	117
1536	128
1537	123
1538	68
1539	97
1540	54
1541	93
1542	92
1543	24
1544	125
1545	104
1546	60
1547	23
1548	26
1549	12
1550	50
1551	92
1552	93
1553	93
1554	12
1555	33
1556	143
1557	43
1558	111
1559	64
1560	127
1561	26
1562	29
1563	111
1564	19
1565	111
1566	73
1567	111
1568	50
1569	68
1570	30
1571	119
1572	93
1573	11
1574	133
1575	67
1576	74
1577	68
1578	68
1579	40
1580	19
1581	30
1582	9
1583	2
1584	2
1585	2
1586	112
1587	109
1588	40
1589	88
1590	55
1591	83
1592	39
1593	80
1594	61
1595	33
1596	67
1597	118
1598	120
1599	5
1600	12
1601	4
1602	65
1603	19
1604	79
1605	60
1606	65
1607	107
1608	87
1609	55
1610	103
1611	2
1612	41
1613	128
1614	84
1615	122
1616	88
1617	5
1618	40
1619	34
1620	40
1621	119
1622	5
1623	52
1624	111
1625	35
1626	62
1627	76
1628	36
1629	136
1630	123
1631	87
1632	82
1633	133
1634	146
1635	65
1636	141
1637	75
1638	64
1639	5
1640	59
1641	30
1642	55
1643	68
1644	37
1645	100
1646	116
1647	44
1648	64
1649	55
1650	123
1651	47
1652	38
1653	131
1654	100
1655	109
1656	1
1657	10
1658	146
1659	87
1660	75
1661	26
1662	118
1663	17
1664	37
1665	15
1666	55
1667	6
1668	109
1669	95
1670	18
1671	5
1672	132
1673	21
1674	50
1675	37
1676	73
1677	90
1678	80
1679	146
1680	51
1681	18
1682	107
1683	90
1684	37
1685	66
1686	12
1687	76
1688	120
1689	104
1690	117
1691	40
1692	70
1693	90
1694	9
1695	82
1696	93
1697	55
1698	114
1699	67
1700	19
1701	55
1702	100
1703	107
1704	54
1705	93
1706	44
1707	74
1708	104
1709	86
1710	30
1711	33
1712	42
1713	2
1714	68
1715	12
1716	64
1717	101
1718	86
1719	132
1720	136
1721	64
1722	101
1723	148
1724	144
1725	44
1726	148
1727	64
1728	47
1729	129
1730	129
1731	62
1732	98
1733	23
1734	65
1735	15
1736	57
1737	67
1738	82
1739	81
1740	125
1741	47
1742	143
1743	121
1744	148
1745	146
1746	86
1747	54
1748	141
1749	27
1750	137
1751	107
1752	23
1753	9
1754	107
1755	86
1756	54
1757	26
1758	63
1759	24
1760	15
1761	23
1762	93
1763	23
1764	84
1765	63
1766	107
1767	97
1768	137
1769	109
1770	65
1771	4
1772	12
1773	47
1774	84
1775	132
1776	104
1777	61
1778	57
1779	102
1780	66
1781	110
1782	65
1783	104
1784	36
1785	117
1786	47
1787	23
1788	93
1789	47
1790	47
1791	26
1792	117
1793	40
1794	101
1795	50
1796	23
1797	5
1798	93
1799	36
1800	52
1801	121
1802	21
1803	97
1804	121
1805	56
1806	71
1807	143
1808	110
1809	36
1810	101
1811	71
1812	67
1813	27
1814	71
1815	111
1816	107
1817	2
1818	101
1819	93
1820	67
1821	94
1822	74
1823	118
1824	101
1825	115
1826	93
1827	62
1828	78
1829	65
1830	55
1831	55
1832	56
1833	45
1834	120
1835	93
1836	99
1837	36
1838	47
1839	44
1840	129
1841	75
1842	128
1843	112
1844	93
1845	33
1846	47
1847	15
1848	128
1849	46
1850	121
1851	63
1852	128
1853	51
1854	36
1855	22
1856	104
1857	104
1858	52
1859	118
1860	63
1861	2
1862	79
1863	127
1864	36
1865	111
1866	61
1867	7
1868	26
1869	65
1870	111
1871	25
1872	140
1873	134
1874	50
1875	65
1876	38
1877	65
1878	19
1879	93
1880	86
1881	77
1882	66
1883	107
1884	77
1885	63
1886	99
1887	86
1888	12
1889	54
1890	78
1891	48
1892	75
1893	138
1894	82
1895	63
1896	12
1897	15
1898	44
1899	110
1900	26
1901	99
1902	54
1903	117
1904	111
1905	33
1906	56
1907	23
1908	65
1909	130
1910	54
1911	54
1912	7
1913	67
1914	54
1915	41
1916	81
1917	83
1918	51
1919	86
1920	54
1921	10
1922	18
1923	23
1924	118
1925	93
1926	126
1927	39
1928	7
1929	83
1930	31
1931	24
1932	118
1933	65
1934	43
1935	23
1936	72
1937	28
1938	52
1939	23
1940	84
1941	80
1942	84
1943	101
1944	130
1945	82
1946	36
1947	39
1948	76
1949	112
1950	7
1951	63
1952	107
1953	15
1954	14
1955	93
1956	70
1957	63
1958	26
1959	63
1960	107
1961	12
1962	145
1963	82
1964	55
1965	23
1966	139
1967	24
1968	36
1969	89
1970	106
1971	70
1972	75
1973	54
1974	133
1975	28
1976	27
1977	52
1978	23
1979	23
1980	118
1981	26
1982	35
1983	15
1984	54
1985	54
1986	143
1987	28
1988	34
1989	93
1990	98
1991	38
1992	136
1993	15
1994	12
1995	51
1996	27
1997	39
1998	30
1999	36
2000	117
2001	23
2002	121
2003	27
2004	36
2005	26
2006	50
2007	27
2008	86
2009	121
2010	94
2011	75
2012	86
2013	7
2014	54
2015	46
2016	94
2017	93
2018	33
2019	75
2020	75
2021	47
2022	63
2023	55
2024	36
2025	26
2026	72
2027	75
2028	19
2029	111
2030	31
2031	36
2032	47
2033	71
2034	25
2035	5
2036	36
2037	19
2038	125
2039	28
2040	138
2041	60
2042	19
2043	111
2044	110
2045	64
2046	60
2047	55
2048	88
2049	64
2050	78
2051	118
2052	24
2053	92
2054	79
2055	103
2056	39
2057	39
2058	33
2059	54
2060	38
2061	36
2062	33
2063	76
2064	1
2065	143
2066	28
2067	93
2068	95
2069	56
2070	20
2071	108
2072	6
2073	50
2074	131
2075	142
2076	28
2077	131
2078	35
2079	127
2080	92
2081	24
2082	60
2083	44
2084	11
2085	26
2086	60
2087	55
2088	67
2089	64
2090	55
2091	56
2092	68
2093	15
2094	75
2095	139
2096	136
2097	50
2098	84
2099	31
2100	67
2101	132
2102	7
2103	104
2104	61
2105	43
2106	70
2107	84
2108	5
2109	125
2110	41
2111	47
2112	123
2113	75
2114	23
2115	93
2116	41
2117	97
2118	135
2119	139
2120	61
2121	30
2122	76
2123	105
2124	68
2125	31
2126	64
2127	39
2128	142
2129	94
2130	84
2131	48
2132	24
2133	19
2134	39
2135	50
2136	45
2137	129
2138	28
2139	39
2140	76
2141	50
2142	61
2143	61
2144	69
2145	95
2146	136
2147	60
2148	118
2149	121
2150	144
2151	86
2152	4
2153	129
2154	55
2155	77
2156	125
2157	126
2158	65
2159	96
2160	12
2161	125
2162	12
2163	125
2164	64
2165	55
2166	20
2167	67
2168	100
2169	138
2170	93
2171	40
2172	106
2173	39
2174	92
2175	118
2176	138
2177	58
2178	5
2179	30
2180	1
2181	61
2182	85
2183	56
2184	15
2185	120
2186	12
2187	136
2188	134
2189	30
2190	90
2191	7
2192	23
2193	28
2194	81
2195	85
2196	18
2197	112
2198	23
2199	82
2200	87
2201	86
2202	25
2203	75
2204	20
2205	68
2206	86
2207	104
2208	93
2209	103
2210	47
2211	3
2212	75
2213	131
2214	21
2215	61
2216	115
2217	112
2218	87
2219	107
2220	139
2221	44
2222	23
2223	42
2224	47
2225	34
2226	20
2227	23
2228	86
2229	29
2230	66
2231	64
2232	39
2233	55
2234	47
2235	54
2236	61
2237	81
2238	145
2239	21
2240	128
2241	81
2242	83
2243	25
2244	143
2245	111
2246	59
2247	93
2248	2
2249	104
2250	93
2251	129
2252	40
2253	38
2254	67
2255	64
2256	128
2257	65
2258	5
2259	111
2260	60
2261	23
2262	65
2263	85
2264	54
2265	19
2266	52
2267	148
2268	128
2269	75
2270	100
2271	54
2272	110
2273	39
2274	94
2275	63
2276	86
2277	8
2278	65
2279	51
2280	86
2281	82
2282	13
2283	26
2284	4
2285	47
2286	101
2287	131
2288	124
2289	29
2290	5
2291	121
2292	82
2293	65
2294	64
2295	105
2296	84
2297	55
2298	48
2299	69
2300	44
2301	47
2302	121
2303	66
2304	96
2305	15
2306	15
2307	37
2308	47
2309	54
2310	121
2311	87
2312	64
2313	39
2314	47
2315	54
2316	117
2317	54
2318	48
2319	47
2320	43
2321	111
2322	63
2323	92
2324	134
2325	26
2326	128
2327	23
2328	70
2329	61
2330	40
2331	93
2332	27
2333	48
2334	45
2335	132
2336	86
2337	24
2338	32
2339	26
2340	55
2341	104
2342	46
2343	135
2344	44
2345	104
2346	54
2347	75
2348	7
2349	27
2350	107
2351	38
2352	41
2353	30
2354	111
2355	121
2356	25
2357	23
2358	145
2359	63
2360	7
2361	104
2362	24
2363	25
2364	38
2365	33
2366	57
2367	63
2368	55
2369	138
2370	38
2371	53
2372	33
2373	47
2374	36
2375	86
2376	28
2377	34
2378	26
2379	80
2380	7
2381	43
2382	32
2383	126
2384	15
2385	15
2386	97
2387	15
2388	99
2389	55
2390	37
2391	15
2392	53
2393	63
2394	15
2395	54
2396	56
2397	136
2398	128
2399	118
2400	82
2401	24
2402	86
2403	86
2404	65
2405	86
2406	16
2407	105
2408	27
2409	128
2410	76
2411	124
2412	72
2413	114
2414	35
2415	81
2416	108
2417	128
2418	56
2419	107
2420	82
2421	77
2422	61
2423	7
2424	105
2425	110
2426	14
2427	148
2428	117
2429	47
2430	44
2431	15
2432	47
2433	110
2434	26
2435	27
2436	54
2437	125
2438	128
2439	58
2440	44
2441	7
2442	5
2443	85
2444	110
2445	47
2446	36
2447	14
2448	75
2449	65
2450	61
2451	23
2452	15
2453	44
2454	86
2455	42
2456	47
2457	55
2458	129
2459	7
2460	82
2461	36
2462	86
2463	15
2464	107
2465	1
2466	35
2467	7
2468	107
2469	47
2470	94
2471	107
2472	45
2473	27
2474	44
2475	87
2476	26
2477	84
2478	23
2479	125
2480	107
2481	128
2482	44
2483	93
2484	107
2485	85
2486	23
2487	54
2488	110
2489	26
2490	6
2491	135
2492	55
2493	110
2494	94
2495	47
2496	109
2497	31
2498	148
2499	118
2500	74
2501	109
2502	34
2503	143
2504	55
2505	110
2506	55
2507	26
2508	105
2509	129
2510	27
2511	65
2512	17
2513	75
2514	63
2515	26
2516	26
2517	36
2518	117
2519	28
2520	35
2521	35
2522	30
2523	46
2524	26
2525	121
2526	9
2527	86
2528	12
2529	33
2530	34
2531	16
2532	30
2533	23
2534	75
2535	63
2536	122
2537	44
2538	34
2539	2
2540	44
2541	96
2542	111
2543	18
2544	125
2545	30
2546	107
2547	84
2548	111
2549	68
2550	64
2551	128
2552	84
2553	140
2554	44
2555	67
2556	114
2557	63
2558	35
2559	23
2560	102
2561	60
2562	119
2563	56
2564	61
2565	7
2566	121
2567	89
2568	105
2569	23
2570	101
2571	63
2572	118
2573	101
2574	49
2575	58
2576	10
2577	109
2578	29
2579	113
2580	69
2581	137
2582	38
2583	70
2584	106
2585	108
2586	109
2587	120
2588	60
2589	42
2590	7
2591	88
2592	58
2593	140
2594	14
2595	35
2596	65
2597	127
2598	34
2599	109
2600	26
2601	23
2602	48
2603	50
2604	110
2605	129
2606	26
2607	106
2608	70
2609	26
2610	55
2611	56
2612	61
2613	127
2614	43
2615	99
2616	28
2617	35
2618	131
2619	101
2620	102
2621	28
2622	67
2623	145
2624	58
2625	55
2626	47
2627	135
2628	92
2629	130
2630	12
2631	82
2632	122
2633	2
2634	28
2635	80
2636	97
2637	32
2638	64
2639	53
2640	61
2641	52
2642	23
2643	146
2644	19
2645	22
2646	76
2647	18
2648	95
2649	46
2650	22
2651	2
2652	56
2653	145
2654	7
2655	80
2656	39
2657	87
2658	87
2659	15
2660	67
2661	5
2662	97
2663	35
2664	18
2665	15
2666	5
2667	114
2668	55
2669	51
2670	81
2671	30
2672	141
2673	81
2674	30
2675	93
2676	2
2677	100
2678	15
2679	77
2680	36
2681	83
2682	65
2683	84
2684	39
2685	73
2686	99
2687	66
2688	23
2689	89
2690	77
2691	125
2692	32
2693	16
2694	105
2695	50
2696	102
2697	65
2698	107
2699	84
2700	140
2701	93
2702	14
2703	9
2704	53
2705	79
2706	28
2707	88
2708	120
2709	32
2710	93
2711	13
2712	15
2713	30
2714	12
2715	89
2716	18
2717	105
2718	104
2719	85
2720	34
2721	55
2722	85
2723	44
2724	130
2725	87
2726	5
2727	95
2728	77
2729	65
2730	94
2731	54
2732	81
2733	87
2734	135
2735	40
2736	54
2737	81
2738	77
2739	144
2740	23
2741	39
2742	98
2743	23
2744	75
2745	54
2746	69
2747	55
2748	36
2749	50
2750	124
2751	123
2752	99
2753	132
2754	101
2755	136
2756	105
2757	5
2758	87
2759	13
2760	34
2761	85
2762	47
2763	45
2764	85
2765	75
2766	65
2767	36
2768	55
2769	105
2770	2
2771	112
2772	148
2773	52
2774	104
2775	15
2776	110
2777	15
2778	128
2779	124
2780	93
2781	66
2782	88
2783	110
2784	26
2785	86
2786	38
2787	48
2788	25
2789	88
2790	44
2791	111
2792	9
2793	93
2794	26
2795	47
2796	26
2797	60
2798	111
2799	88
2800	108
2801	129
2802	39
2803	65
2804	26
2805	82
2806	55
2807	108
2808	66
2809	128
2810	26
2811	93
2812	39
2813	54
2814	26
2815	36
2816	27
2817	86
2818	110
2819	81
2820	47
2821	65
2822	15
2823	78
2824	63
2825	70
2826	128
2827	121
2828	110
2829	70
2830	93
2831	18
2832	58
2833	110
2834	59
2835	15
2836	5
2837	118
2838	117
2839	63
2840	129
2841	54
2842	58
2843	68
2844	118
2845	21
2846	9
2847	65
2848	34
2849	110
2850	1
2851	78
2852	41
2853	10
2854	43
2855	107
2856	107
2857	137
2858	93
2859	62
2860	111
2861	113
2862	24
2863	85
2864	140
2865	118
2866	51
2867	41
2868	75
2869	38
2870	128
2871	26
2872	3
2873	49
2874	85
2875	44
2876	43
2877	15
2878	121
2879	96
2880	107
2881	55
2882	118
2883	143
2884	80
2885	44
2886	24
2887	27
2888	7
2889	18
2890	27
2891	148
2892	118
2893	35
2894	27
2895	147
2896	27
2897	38
2898	34
2899	126
2900	111
2901	107
2902	141
2903	128
2904	114
2905	55
2906	27
2907	102
2908	111
2909	110
2910	15
2911	33
2912	7
2913	81
2914	47
2915	73
2916	128
2917	93
2918	137
2919	110
2920	35
2921	65
2922	93
2923	54
2924	36
2925	101
2926	16
2927	27
2928	32
2929	8
2930	148
2931	27
2932	54
2933	61
2934	117
2935	18
2936	86
2937	35
2938	122
2939	146
2940	12
2941	93
2942	47
2943	85
2944	63
2945	70
2946	42
2947	87
2948	55
2949	11
2950	8
2951	44
2952	118
2953	58
2954	119
2955	87
2956	85
2957	28
2958	34
2959	105
2960	15
2961	5
2962	33
2963	23
2964	111
2965	119
2966	75
2967	36
2968	51
2969	107
2970	107
2971	93
2972	111
2973	47
2974	119
2975	126
2976	81
2977	86
2978	75
2979	7
2980	128
2981	55
2982	56
2983	26
2984	36
2985	7
2986	15
2987	54
2988	47
2989	34
2990	23
2991	23
2992	23
2993	106
2994	118
2995	110
2996	107
2997	29
2998	118
2999	82
3000	19
3001	94
3002	6
3003	126
3004	93
3005	7
3006	84
3007	109
3008	42
3009	138
3010	86
3011	15
3012	111
3013	111
3014	84
3015	19
3016	27
3017	54
3018	66
3019	5
3020	30
3021	117
3022	125
3023	129
3024	17
3025	109
3026	59
3027	107
3028	65
3029	54
3030	63
3031	107
3032	5
3033	19
3034	30
3035	19
3036	86
3037	82
3038	26
3039	125
3040	125
3041	110
3042	12
3043	44
3044	97
3045	54
3046	30
3047	23
3048	2
3049	30
3050	19
3051	29
3052	19
3053	28
3054	125
3055	109
3056	107
3057	7
3058	35
3059	84
3060	93
3061	30
3062	63
3063	148
3064	134
3065	55
3066	80
3067	117
3068	2
3069	15
3070	128
3071	30
3072	55
3073	68
3074	39
3075	47
3076	52
3077	56
3078	124
3079	124
3080	82
3081	103
3082	58
3083	93
3084	118
3085	54
3086	15
3087	108
3088	12
3089	43
3090	87
3091	61
3092	84
3093	120
3094	129
3095	105
3096	118
3097	83
3098	30
3099	63
3100	19
3101	72
3102	40
3103	87
3104	101
3105	54
3106	55
3107	60
3108	75
3109	75
3110	50
3111	67
3112	140
3113	67
3114	68
3115	78
3116	75
3117	108
3118	87
3119	60
3120	126
3121	43
3122	104
3123	61
3124	44
3125	81
3126	68
3127	122
3128	30
3129	136
3130	87
3131	109
3132	63
3133	60
3134	24
3135	60
3136	63
3137	4
3138	49
3139	40
3140	110
3141	30
3142	55
3143	93
3144	60
3145	72
3146	50
3147	96
3148	48
3149	80
3150	67
3151	37
3152	51
3153	112
3154	24
3155	87
3156	36
3157	50
3158	5
3159	2
3160	8
3161	38
3162	36
3163	77
3164	121
3165	20
3166	55
3167	2
3168	3
3169	144
3170	141
3171	26
3172	101
3173	47
3174	96
3175	40
3176	15
3177	1
3178	109
3179	55
3180	59
3181	78
3182	143
3183	65
3184	37
3185	61
3186	121
3187	5
3188	72
3189	113
3190	94
3191	7
3192	19
3193	80
3194	66
3195	132
3196	12
3197	65
3198	72
3199	55
3200	107
3201	14
3202	65
3203	121
3204	61
3205	21
3206	15
3207	23
3208	11
3209	82
3210	23
3211	87
3212	115
3213	93
3214	62
3215	143
3216	91
3217	1
3218	28
3219	61
3220	64
3221	21
3222	92
3223	35
3224	13
3225	55
3226	95
3227	63
3228	50
3229	65
3230	53
3231	124
3232	15
3233	108
3234	136
3235	23
3236	92
3237	84
3238	109
3239	54
3240	118
3241	60
3242	104
3243	94
3244	44
3245	97
3246	10
3247	23
3248	93
3249	101
3250	124
3251	85
3252	63
3253	34
3254	115
3255	112
3256	87
3257	101
3258	25
3259	30
3260	15
3261	5
3262	29
3263	85
3264	95
3265	82
3266	129
3267	82
3268	15
3269	67
3270	45
3271	121
3272	82
3273	39
3274	65
3275	60
3276	12
3277	14
3278	110
3279	29
3280	47
3281	81
3282	47
3283	63
3284	82
3285	86
3286	27
3287	28
3288	55
3289	15
3290	64
3291	52
3292	18
3293	28
3294	19
3295	21
3296	50
3297	47
3298	24
3299	104
3300	20
3301	104
3302	137
3303	2
3304	54
3305	69
3306	57
3307	70
3308	79
3309	26
3310	23
3311	93
3312	15
3313	50
3314	93
3315	63
3316	88
3317	104
3318	78
3319	110
3320	40
3321	111
3322	117
3323	21
3324	121
3325	111
3326	61
3327	58
3328	49
3329	54
3330	147
3331	107
3332	54
3333	136
3334	56
3335	26
3336	93
3337	107
3338	23
3339	23
3340	67
3341	15
3342	118
3343	49
3344	12
3345	86
3346	39
3347	14
3348	27
3349	15
3350	55
3351	5
3352	93
3353	64
3354	86
3355	40
3356	13
3357	74
3358	99
3359	36
3360	119
3361	122
3362	68
3363	44
3364	28
3365	44
3366	26
3367	117
3368	81
3369	57
3370	26
3371	27
3372	88
3373	40
3374	56
3375	86
3376	26
3377	75
3378	47
3379	36
3380	86
3381	39
3382	81
3383	95
3384	81
3385	86
3386	38
3387	81
3388	93
3389	107
3390	145
3391	54
3392	117
3393	47
3394	107
3395	70
3396	54
3397	23
3398	23
3399	15
3400	63
3401	65
3402	98
3403	35
3404	110
3405	36
3406	111
3407	68
3408	101
3409	126
3410	47
3411	41
3412	27
3413	47
3414	55
3415	55
3416	21
3417	18
3418	112
3419	120
3420	78
3421	97
3422	40
3423	111
3424	111
3425	35
3426	27
3427	55
3428	35
3429	112
3430	105
3431	125
3432	7
3433	107
3434	111
3435	36
3436	65
3437	75
3438	130
3439	111
3440	128
3441	81
3442	44
3443	114
3444	73
3445	111
3446	33
3447	24
3448	86
3449	63
3450	35
3451	63
3452	40
3453	128
3454	75
3455	62
3456	30
3457	54
3458	39
3459	124
3460	13
3461	27
3462	87
3463	61
3464	86
3465	27
3466	23
3467	117
3468	12
3469	65
3470	35
3471	78
3472	44
3473	82
3474	63
3475	84
3476	84
3477	27
3478	55
3479	120
3480	134
3481	110
3482	28
3483	106
3484	48
3485	63
3486	27
3487	127
3488	44
3489	5
3490	105
3491	29
3492	96
3493	84
3494	56
3495	26
3496	107
3497	12
3498	47
3499	74
3500	70
3501	136
3502	46
3503	111
3504	75
3505	107
3506	65
3507	86
3508	5
3509	13
3510	34
3511	47
3512	94
3513	128
3514	4
3515	63
3516	65
3517	26
3518	54
3519	84
3520	124
3521	75
3522	104
3523	23
3524	55
3525	26
3526	93
3527	63
3528	27
3529	105
3530	23
3531	38
3532	93
3533	37
3534	36
3535	106
3536	139
3537	28
3538	117
3539	47
3540	128
3541	109
3542	105
3543	30
3544	3
3545	72
3546	7
3547	72
3548	105
3549	55
3550	15
3551	94
3552	123
3553	105
3554	62
3555	63
3556	107
3557	118
3558	124
3559	64
3560	145
3561	82
3562	12
3563	63
3564	47
3565	64
3566	51
3567	2
3568	98
3569	128
3570	88
3571	93
3572	30
3573	138
3574	35
3575	111
3576	75
3577	64
3578	107
3579	35
3580	23
3581	19
3582	75
3583	103
3584	15
3585	146
3586	33
3587	101
3588	130
3589	7
3590	60
3591	38
3592	75
3593	50
3594	128
3595	52
3596	124
3597	138
3598	137
3599	30
3600	68
3601	50
3602	88
3603	19
3604	75
3605	148
3606	64
3607	111
3608	29
3609	33
3610	132
3611	85
3612	131
3613	59
3614	76
3615	133
3616	142
3617	84
3618	65
3619	54
3620	141
3621	65
3622	119
3623	35
3624	118
3625	136
3626	97
3627	58
3628	92
3629	39
3630	136
3631	12
3632	65
3633	25
3634	84
3635	45
3636	109
3637	7
3638	41
3639	117
3640	7
3641	50
3642	110
3643	71
3644	125
3645	129
3646	39
3647	64
3648	5
3649	119
3650	122
3651	111
3652	105
3653	130
3654	120
3655	40
3656	60
3657	40
3658	138
3659	72
3660	34
3661	119
3662	52
3663	52
3664	19
3665	55
3666	22
3667	128
3668	59
3669	100
3670	93
3671	93
3672	144
3673	142
3674	71
3675	62
3676	98
3677	62
3678	62
3679	7
3680	55
3681	50
3682	1
3683	144
3684	17
3685	129
3686	70
3687	60
3688	3
3689	61
3690	68
3691	26
3692	87
3693	40
3694	30
3695	143
3696	136
3697	55
3698	41
3699	7
3700	102
3701	55
3702	19
3703	48
3704	79
3705	79
3706	50
3707	112
3708	28
3709	11
3710	148
3711	32
3712	64
3713	76
3714	105
3715	75
3716	93
3717	119
3718	49
3719	28
3720	89
3721	40
3722	104
3723	67
3724	110
3725	6
3726	93
3727	105
3728	65
3729	55
3730	127
3731	14
3732	108
3733	2
3734	127
3735	18
3736	30
3737	86
3738	85
3739	65
3740	35
3741	109
3742	89
3743	40
3744	47
3745	85
3746	98
3747	59
3748	44
3749	56
3750	67
3751	86
3752	130
3753	106
3754	87
3755	5
3756	141
3757	52
3758	97
3759	68
3760	27
3761	55
3762	82
3763	94
3764	9
3765	55
3766	65
3767	86
3768	81
3769	17
3770	47
3771	6
3772	40
3773	45
3774	22
3775	84
3776	12
3777	54
3778	19
3779	59
3780	63
3781	102
3782	100
3783	20
3784	78
3785	15
3786	44
3787	67
3788	93
3789	47
3790	110
3791	55
3792	125
3793	50
3794	101
3795	50
3796	120
3797	47
3798	133
3799	65
3800	2
3801	129
3802	37
3803	107
3804	83
3805	103
3806	136
3807	21
3808	64
3809	110
3810	19
3811	69
3812	44
3813	44
3814	129
3815	128
3816	54
3817	44
3818	54
3819	122
3820	36
3821	36
3822	36
3823	122
3824	128
3825	110
3826	108
3827	48
3828	39
3829	65
3830	23
3831	124
3832	26
3833	9
3834	121
3835	118
3836	26
3837	110
3838	32
3839	67
3840	39
3841	3
3842	19
3843	68
3844	73
3845	58
3846	110
3847	63
3848	44
3849	146
3850	121
3851	65
3852	30
3853	128
3854	118
3855	47
3856	106
3857	135
3858	55
3859	101
3860	110
3861	29
3862	118
3863	18
3864	63
3865	88
3866	40
3867	120
3868	129
3869	26
3870	21
3871	23
3872	11
3873	115
3874	81
3875	60
3876	107
3877	117
3878	55
3879	104
3880	47
3881	107
3882	127
3883	55
3884	23
3885	53
3886	26
3887	111
3888	147
3889	47
3890	7
3891	119
3892	63
3893	117
3894	81
3895	36
3896	23
3897	65
3898	55
3899	80
3900	32
3901	94
3902	130
3903	56
3904	110
3905	99
3906	110
3907	15
3908	136
3909	128
3910	15
3911	35
3912	19
3913	26
3914	26
3915	128
3916	44
3917	85
3918	23
3919	36
3920	93
3921	56
3922	47
3923	51
3924	54
3925	65
3926	75
3927	100
3928	39
3929	124
3930	110
3931	77
3932	60
3933	33
3934	51
3935	82
3936	84
3937	69
3938	131
3939	54
3940	15
3941	76
3942	7
3943	86
3944	8
3945	16
3946	33
3947	111
3948	60
3949	52
3950	89
3951	124
3952	83
3953	12
3954	33
3955	114
3956	65
3957	16
3958	15
3959	44
3960	117
3961	107
3962	35
3963	23
3964	124
3965	33
3966	55
3967	137
3968	75
3969	134
3970	12
3971	47
3972	148
3973	100
3974	107
3975	23
3976	93
3977	54
3978	101
3979	15
3980	21
3981	12
3982	21
3983	44
3984	26
3985	28
3986	107
3987	86
3988	18
3989	28
3990	67
3991	86
3992	15
3993	74
3994	26
3995	97
3996	42
3997	84
3998	27
3999	54
4000	105
4001	27
4002	99
4003	76
4004	54
4005	86
4006	112
4007	27
4008	65
4009	93
4010	107
4011	117
4012	44
4013	125
4014	62
4015	55
4016	97
4017	60
4018	109
4019	7
4020	24
4021	30
4022	18
4023	23
4024	114
4025	25
4026	110
4027	55
4028	111
4029	30
4030	75
4031	110
4032	67
4033	29
4034	75
4035	32
4036	110
4037	141
4038	57
4039	35
4040	23
4041	93
4042	36
4043	109
4044	105
4045	7
4046	30
4047	109
4048	65
4049	28
4050	99
4051	84
4052	46
4053	33
4054	36
4055	109
4056	36
4057	76
4058	13
4059	105
4060	118
4061	35
4062	36
4063	101
4064	108
4065	36
4066	38
4067	14
4068	44
4069	104
4070	15
4071	97
4072	93
4073	17
4074	111
4075	33
4076	2
4077	17
4078	136
4079	44
4080	15
4081	65
4082	104
4083	141
4084	44
4085	35
4086	78
4087	8
4088	101
4089	19
4090	44
4091	21
4092	93
4093	39
4094	54
4095	84
4096	12
4097	68
4098	115
4099	38
4100	64
4101	58
4102	68
4103	64
4104	100
4105	125
4106	71
4107	56
4108	21
4109	59
4110	133
4111	132
4112	68
4113	93
4114	19
4115	93
4116	33
4117	105
4118	105
4119	11
4120	26
4121	82
4122	48
4123	93
4124	30
4125	60
4126	2
4127	139
4128	30
4129	120
4130	47
4131	50
4132	141
4133	124
4134	53
4135	110
4136	106
4137	55
4138	103
4139	7
4140	65
4141	2
4142	47
4143	30
4144	130
4145	60
4146	111
4147	36
4148	9
4149	60
4150	45
4151	87
4152	68
4153	108
4154	51
4155	41
4156	41
4157	142
4158	126
4159	136
4160	78
4161	93
4162	130
4163	105
4164	50
4165	5
4166	117
4167	87
4168	5
4169	30
4170	55
4171	50
4172	143
4173	60
4174	75
4175	99
4176	41
4177	24
4178	49
4179	30
4180	128
4181	68
4182	7
4183	75
4184	22
4185	114
4186	118
4187	101
4188	85
4189	87
4190	26
4191	68
4192	84
4193	48
4194	112
4195	100
4196	88
4197	90
4198	144
4199	109
4200	7
4201	68
4202	8
4203	105
4204	39
4205	101
4206	90
4207	37
4208	103
4209	60
4210	93
4211	55
4212	25
4213	90
4214	51
4215	116
4216	110
4217	114
4218	36
4219	107
4220	62
4221	6
4222	11
4223	93
4224	109
4225	86
4226	87
4227	115
4228	15
4229	2
4230	52
4231	20
4232	58
4233	93
4234	113
4235	92
4236	69
4237	37
4238	83
4239	58
4240	109
4241	116
4242	81
4243	17
4244	20
4245	105
4246	19
4247	55
4248	88
4249	15
4250	97
4251	85
4252	5
4253	53
4254	47
4255	41
4256	28
4257	65
4258	15
4259	30
4260	109
4261	76
4262	64
4263	49
4264	37
4265	19
4266	42
4267	65
4268	33
4269	14
4270	40
4271	48
4272	111
4273	107
4274	2
4275	26
4276	105
4277	18
4278	30
4279	65
4280	104
4281	14
4282	44
4283	46
4284	54
4285	122
4286	30
4287	42
4288	68
4289	101
4290	136
4291	44
4292	59
4293	22
4294	40
4295	105
4296	141
4297	76
4298	82
4299	73
4300	100
4301	77
4302	104
4303	65
4304	82
4305	138
4306	87
4307	2
4308	65
4309	86
4310	81
4311	107
4312	26
4313	61
4314	54
4315	128
4316	121
4317	15
4318	121
4319	30
4320	81
4321	63
4322	86
4323	69
4324	101
4325	89
4326	14
4327	5
4328	81
4329	107
4330	54
4331	110
4332	15
4333	3
4334	27
4335	65
4336	115
4337	78
4338	82
4339	88
4340	54
4341	44
4342	131
4343	123
4344	123
4345	36
4346	81
4347	101
4348	55
4349	110
4350	54
4351	118
4352	86
4353	71
4354	35
4355	83
4356	49
4357	134
4358	111
4359	118
4360	124
4361	124
4362	107
4363	5
4364	103
4365	39
4366	92
4367	2
4368	116
4369	23
4370	27
4371	36
4372	31
4373	109
4374	92
4375	107
4376	18
4377	27
4378	39
4379	21
4380	86
4381	104
4382	111
4383	128
4384	110
4385	137
4386	47
4387	86
4388	119
4389	43
4390	15
4391	118
4392	117
4393	117
4394	18
4395	36
4396	75
4397	104
4398	85
4399	99
4400	82
4401	23
4402	117
4403	27
4404	26
4405	46
4406	112
4407	44
4408	107
4409	27
4410	111
4411	93
4412	113
4413	70
4414	95
4415	92
4416	35
4417	44
4418	71
4419	142
4420	63
4421	54
4422	33
4423	51
4424	31
4425	24
4426	124
4427	54
4428	58
4429	65
4430	59
4431	34
4432	75
4433	63
4434	7
4435	107
4436	5
4437	117
4438	143
4439	55
4440	146
4441	136
4442	86
4443	75
4444	128
4445	92
4446	136
4447	110
4448	22
4449	93
4450	118
4451	85
4452	15
4453	11
4454	7
4455	27
4456	12
4457	44
4458	124
4459	93
4460	54
4461	12
4462	12
4463	105
4464	15
4465	110
4466	76
4467	47
4468	26
4469	12
4470	26
4471	41
4472	86
4473	97
4474	33
4475	124
4476	128
4477	105
4478	29
4479	26
4480	75
4481	36
4482	21
4483	44
4484	29
4485	130
4486	148
4487	148
4488	76
4489	118
4490	117
4491	41
4492	63
4493	121
4494	28
4495	38
4496	111
4497	35
4498	52
4499	67
4500	23
4501	84
4502	49
4503	75
4504	84
4505	24
4506	100
4507	118
4508	115
4509	90
4510	44
4511	12
4512	96
4513	23
4514	26
4515	117
4516	125
4517	106
4518	63
4519	27
4520	23
4521	55
4522	35
4523	109
4524	144
4525	21
4526	128
4527	110
4528	111
4529	42
4530	110
4531	51
4532	47
4533	86
4534	19
4535	86
4536	110
4537	27
4538	34
4539	4
4540	34
4541	15
4542	107
4543	121
4544	68
4545	60
4546	107
4547	15
4548	55
4549	55
4550	7
4551	111
4552	35
4553	27
4554	105
4555	26
4556	93
4557	90
4558	27
4559	146
4560	111
4561	148
4562	23
4563	26
4564	19
4565	93
4566	81
4567	18
4568	109
4569	118
4570	148
4571	29
4572	28
4573	35
4574	27
4575	64
4576	12
4577	99
4578	15
4579	110
4580	109
4581	42
4582	59
4583	24
4584	93
4585	65
4586	123
4587	121
4588	110
4589	68
4590	51
4591	111
4592	44
4593	54
4594	86
4595	111
4596	110
4597	54
4598	27
4599	2
4600	56
4601	2
4602	75
4603	68
4604	5
4605	28
4606	112
4607	28
4608	75
4609	93
4610	109
4611	75
4612	118
4613	61
4614	33
4615	68
4616	98
4617	6
4618	92
4619	12
4620	14
4621	30
4622	133
4623	98
4624	60
4625	87
4626	100
4627	56
4628	130
4629	50
4630	102
4631	30
4632	61
4633	93
4634	50
4635	30
4636	133
4637	73
4638	28
4639	28
4640	40
4641	1
4642	84
4643	1
4644	104
4645	43
4646	10
4647	50
4648	49
4649	7
4650	107
4651	87
4652	68
4653	55
4654	65
4655	82
4656	84
4657	75
4658	5
4659	92
4660	129
4661	39
4662	117
4663	2
4664	35
4665	58
4666	5
4667	84
4668	20
4669	144
4670	145
4671	36
4672	36
4673	140
4674	133
4675	27
4676	63
4677	145
4678	120
4679	106
4680	87
4681	37
4682	36
4683	95
4684	39
4685	48
4686	65
4687	20
4688	65
4689	146
4690	59
4691	111
4692	109
4693	30
4694	108
4695	92
4696	71
4697	20
4698	60
4699	104
4700	8
4701	39
4702	49
4703	52
4704	144
4705	23
4706	63
4707	80
4708	87
4709	109
4710	123
4711	80
4712	138
4713	92
4714	67
4715	66
4716	20
4717	65
4718	117
4719	80
4720	87
4721	44
4722	18
4723	68
4724	67
4725	2
4726	119
4727	40
4728	40
4729	65
4730	14
4731	25
4732	93
4733	37
4734	113
4735	18
4736	115
4737	147
4738	126
4739	107
4740	93
4741	19
4742	36
4743	55
4744	18
4745	23
4746	37
4747	131
4748	7
4749	5
4750	41
4751	97
4752	55
4753	112
4754	30
4755	79
4756	67
4757	93
4758	79
4759	61
4760	85
4761	94
4762	107
4763	82
4764	97
4765	108
4766	125
4767	30
4768	61
4769	39
4770	88
4771	139
4772	80
4773	77
4774	90
4775	101
4776	19
4777	47
4778	105
4779	19
4780	21
4781	125
4782	23
4783	84
4784	44
4785	132
4786	97
4787	86
4788	97
4789	97
4790	12
4791	130
4792	98
4793	87
4794	130
4795	86
4796	6
4797	87
4798	122
4799	85
4800	47
4801	50
4802	93
4803	23
4804	93
4805	55
4806	94
4807	54
4808	86
4809	20
4810	84
4811	82
4812	86
4813	54
4814	85
4815	127
4816	55
4817	19
4818	42
4819	34
4820	124
4821	65
4822	104
4823	23
4824	26
4825	55
4826	55
4827	85
4828	104
4829	107
4830	18
4831	103
4832	82
4833	27
4834	114
4835	29
4836	23
4837	97
4838	95
4839	66
4840	95
4841	68
4842	23
4843	88
4844	34
4845	85
4846	128
4847	55
4848	47
4849	86
4850	128
4851	93
4852	54
4853	137
4854	147
4855	65
4856	35
4857	118
4858	115
4859	58
4860	68
4861	107
4862	107
4863	26
4864	79
4865	99
4866	84
4867	129
4868	118
4869	26
4870	23
4871	30
4872	60
4873	87
4874	124
4875	109
4876	40
4877	81
4878	117
4879	89
4880	38
4881	44
4882	21
4883	93
4884	107
4885	15
4886	44
4887	128
4888	120
4889	50
4890	85
4891	38
4892	124
4893	55
4894	93
4895	74
4896	60
4897	74
4898	35
4899	91
4900	102
4901	128
4902	63
4903	128
4904	27
4905	14
4906	41
4907	135
4908	55
4909	15
4910	63
4911	34
4912	15
4913	36
4914	33
4915	54
4916	86
4917	70
4918	63
4919	124
4920	112
4921	7
4922	5
4923	24
4924	55
4925	27
4926	36
4927	15
4928	145
4929	129
4930	54
4931	128
4932	33
4933	45
4934	27
4935	118
4936	108
4937	33
4938	86
4939	36
4940	111
4941	63
4942	47
4943	86
4944	24
4945	75
4946	21
4947	32
4948	48
4949	7
4950	17
4951	66
4952	77
4953	145
4954	65
4955	101
4956	38
4957	110
4958	50
4959	62
4960	65
4961	12
4962	35
4963	7
4964	82
4965	2
4966	15
4967	138
4968	36
4969	15
4970	65
4971	107
4972	44
4973	47
4974	114
4975	54
4976	93
4977	36
4978	75
4979	75
4980	63
4981	15
4982	36
4983	15
4984	125
4985	96
4986	6
4987	105
4988	87
4989	40
4990	26
4991	81
4992	44
4993	104
4994	118
4995	5
4996	77
4997	61
4998	7
4999	54
5000	128
5001	105
5002	111
5003	107
5004	15
5005	128
5006	101
5007	117
5008	66
5009	93
5010	29
5011	64
5012	42
5013	44
5014	125
5015	118
5016	27
5017	121
5018	7
5019	55
5020	79
5021	128
5022	86
5023	47
5024	85
5025	36
5026	27
5027	110
5028	139
5029	107
5030	49
5031	55
5032	65
5033	47
5034	15
5035	65
5036	7
5037	30
5038	117
5039	84
5040	55
5041	86
5042	65
5043	107
5044	85
5045	22
5046	105
5047	66
5048	110
5049	110
5050	84
5051	12
5052	33
5053	12
5054	128
5055	18
5056	52
5057	15
5058	44
5059	34
5060	130
5061	105
5062	93
5063	46
5064	34
5065	42
5066	110
5067	59
5068	22
5069	139
5070	36
5071	127
5072	128
5073	142
5074	15
5075	55
5076	36
5077	97
5078	97
5079	99
5080	4
5081	146
5082	63
5083	47
5084	86
5085	143
5086	133
5087	75
5088	27
5089	99
5090	15
5091	14
5092	36
5093	84
5094	38
5095	93
5096	110
5097	26
5098	117
5099	128
5100	2
5101	47
5102	36
5103	98
5104	93
5105	20
5106	128
5107	91
5108	65
5109	99
5110	24
5111	31
5112	15
5113	92
5114	117
5115	113
5116	12
5117	110
5118	90
5119	21
5120	81
5121	84
5122	41
5123	27
5124	6
5125	87
5126	89
5127	63
5128	28
5129	61
5130	105
5131	60
5132	12
5133	146
5134	86
5135	128
5136	39
5137	121
5138	98
5139	110
5140	84
5141	63
5142	105
5143	87
5144	39
5145	26
5146	100
5147	32
5148	28
5149	61
5150	119
5151	104
5152	105
5153	117
5154	67
5155	67
5156	2
5157	40
5158	19
5159	60
5160	76
5161	125
5162	76
5163	128
5164	41
5165	4
5166	92
5167	60
5168	19
5169	61
5170	144
5171	128
5172	135
5173	32
5174	20
5175	104
5176	19
5177	12
5178	30
5179	12
5180	101
5181	68
5182	10
5183	140
5184	118
5185	119
5186	35
5187	32
5188	75
5189	33
5190	50
5191	119
5192	84
5193	70
5194	143
5195	93
5196	87
5197	148
5198	11
5199	28
5200	62
5201	55
5202	108
5203	123
5204	61
5205	84
5206	50
5207	50
5208	19
5209	79
5210	34
5211	126
5212	87
5213	41
5214	93
5215	111
5216	33
5217	105
5218	84
5219	38
5220	53
5221	35
5222	137
5223	30
5224	95
5225	7
5226	17
5227	5
5228	60
5229	45
5230	66
5231	87
5232	18
5233	78
5234	2
5235	116
5236	93
5237	60
5238	83
5239	89
5240	67
5241	64
5242	37
5243	51
5244	33
5245	28
5246	2
5247	39
5248	93
5249	6
5250	68
5251	107
5252	86
5253	70
5254	86
5255	13
5256	15
5257	92
5258	5
5259	30
5260	106
5261	40
5262	19
5263	63
5264	67
5265	95
5266	87
5267	35
5268	6
5269	23
5270	53
5271	40
5272	16
5273	124
5274	148
5275	7
5276	63
5277	40
5278	77
5279	15
5280	86
5281	14
5282	64
5283	81
5284	61
5285	117
5286	54
5287	107
5288	33
5289	124
5290	23
5291	20
5292	86
5293	133
5294	64
5295	18
5296	16
5297	23
5298	100
5299	145
5300	93
5301	52
5302	109
5303	132
5304	106
5305	104
5306	94
5307	65
5308	12
5309	19
5310	93
5311	86
5312	56
5313	107
5314	61
5315	53
5316	140
5317	65
5318	111
5319	47
5320	50
5321	123
5322	115
5323	124
5324	143
5325	143
5326	44
5327	110
5328	81
5329	44
5330	103
5331	47
5332	137
5333	65
5334	47
5335	19
5336	23
5337	15
5338	93
5339	104
5340	55
5341	34
5342	9
5343	144
5344	5
5345	98
5346	47
5347	27
5348	54
5349	64
5350	56
5351	81
5352	110
5353	93
5354	44
5355	70
5356	130
5357	110
5358	4
5359	86
5360	56
5361	88
5362	14
5363	68
5364	96
5365	65
5366	130
5367	87
5368	19
5369	117
5370	105
5371	110
5372	81
5373	111
5374	130
5375	83
5376	118
5377	2
5378	110
5379	57
5380	93
5381	110
5382	109
5383	110
5384	26
5385	15
5386	19
5387	19
5388	15
5389	26
5390	107
5391	27
5392	34
5393	129
5394	56
5395	104
5396	88
5397	38
5398	30
5399	47
5400	55
5401	99
5402	103
5403	27
5404	5
5405	55
5406	5
5407	93
5408	71
5409	36
5410	91
5411	116
5412	15
5413	65
5414	15
5415	74
5416	26
5417	124
5418	128
5419	70
5420	128
5421	61
5422	111
5423	62
5424	106
5425	64
5426	24
5427	136
5428	67
5429	117
5430	34
5431	118
5432	26
5433	45
5434	83
5435	26
5436	65
5437	63
5438	18
5439	80
5440	54
5441	140
5442	33
5443	15
5444	86
5445	128
5446	15
5447	128
5448	15
5449	55
5450	96
5451	36
5452	118
5453	26
5454	121
5455	54
5456	54
5457	44
5458	107
5459	118
5460	42
5461	26
5462	117
5463	86
5464	23
5465	7
5466	100
5467	36
5468	81
5469	111
5470	54
5471	65
5472	75
5473	35
5474	81
5475	62
5476	93
5477	54
5478	27
5479	86
5480	64
5481	71
5482	47
5483	111
5484	34
5485	7
5486	118
5487	110
5488	37
5489	118
5490	134
5491	105
5492	34
5493	61
5494	86
5495	114
5496	73
5497	23
5498	63
5499	55
5500	29
5501	57
5502	63
5503	118
5504	26
5505	27
5506	101
5507	47
5508	38
5509	25
5510	118
5511	91
5512	110
5513	93
5514	107
5515	117
5516	105
5517	141
5518	54
5519	7
5520	107
5521	123
5522	111
5523	55
5524	6
5525	26
5526	105
5527	84
5528	21
5529	55
5530	125
5531	97
5532	86
5533	3
5534	7
5535	75
5536	7
5537	27
5538	104
5539	66
5540	76
5541	26
5542	39
5543	49
5544	103
5545	82
5546	15
5547	47
5548	86
5549	18
5550	110
5551	47
5552	128
5553	84
5554	28
5555	63
5556	93
5557	75
5558	55
5559	7
5560	55
5561	107
5562	139
5563	75
5564	69
5565	6
5566	86
5567	15
5568	68
5569	28
5570	75
5571	65
5572	36
5573	36
5574	63
5575	51
5576	12
5577	128
5578	30
5579	26
5580	143
5581	84
5582	22
5583	118
5584	128
5585	138
5586	93
5587	54
5588	86
5589	55
5590	89
5591	28
5592	8
5593	64
5594	93
5595	118
5596	64
5597	107
5598	7
5599	80
5600	35
5601	111
5602	105
5603	111
5604	33
5605	111
5606	30
5607	124
5608	117
5609	88
5610	58
5611	86
5612	86
5613	128
5614	35
5615	88
5616	12
5617	55
5618	107
5619	35
5620	115
5621	118
5622	12
5623	7
5624	107
5625	120
5626	129
5627	28
5628	90
5629	35
5630	43
5631	35
5632	100
5633	16
5634	76
5635	109
5636	96
5637	54
5638	76
5639	84
5640	93
5641	148
5642	129
5643	84
5644	26
5645	109
5646	35
5647	99
5648	18
5649	76
5650	42
5651	82
5652	27
5653	54
5654	3
5655	13
5656	39
5657	93
5658	128
5659	12
5660	60
5661	35
5662	76
5663	35
5664	137
5665	99
5666	109
5667	17
5668	74
5669	65
5670	48
5671	83
5672	93
5673	105
5674	105
5675	41
5676	40
5677	129
5678	47
5679	43
5680	93
5681	50
5682	54
5683	38
5684	65
5685	50
5686	117
5687	51
5688	43
5689	87
5690	36
5691	99
5692	65
5693	118
5694	118
5695	93
5696	87
5697	140
5698	30
5699	60
5700	99
5701	110
5702	50
5703	142
5704	88
5705	49
5706	80
5707	65
5708	130
5709	136
5710	119
5711	29
5712	108
5713	25
5714	90
5715	67
5716	126
5717	84
5718	105
5719	5
5720	70
5721	93
5722	93
5723	18
5724	35
5725	93
5726	75
5727	2
5728	63
5729	55
5730	28
5731	96
5732	121
5733	11
5734	15
5735	37
5736	79
5737	15
5738	57
5739	19
5740	55
5741	39
5742	129
5743	27
5744	35
5745	132
5746	1
5747	68
5748	113
5749	64
5750	72
5751	67
5752	65
5753	40
5754	106
5755	52
5756	107
5757	8
5758	5
5759	84
5760	109
5761	69
5762	107
5763	55
5764	24
5765	36
5766	19
5767	67
5768	65
5769	7
5770	119
5771	40
5772	82
5773	64
5774	96
5775	62
5776	85
5777	63
5778	93
5779	107
5780	58
5781	36
5782	69
5783	23
5784	14
5785	65
5786	43
5787	34
5788	28
5789	144
5790	67
5791	52
5792	50
5793	101
5794	30
5795	119
5796	95
5797	124
5798	106
5799	145
5800	111
5801	2
5802	120
5803	19
5804	47
5805	18
5806	23
5807	111
5808	94
5809	101
5810	105
5811	94
5812	107
5813	47
5814	34
5815	67
5816	47
5817	22
5818	99
5819	54
5820	18
5821	64
5822	52
5823	113
5824	124
5825	61
5826	15
5827	55
5828	44
5829	87
5830	121
5831	116
5832	114
5833	96
5834	40
5835	138
5836	142
5837	56
5838	111
5839	109
5840	54
5841	21
5842	121
5843	15
5844	60
5845	23
5846	124
5847	111
5848	54
5849	93
5850	111
5851	63
5852	72
5853	97
5854	82
5855	61
5856	65
5857	121
5858	99
5859	23
5860	15
5861	65
5862	32
5863	39
5864	97
5865	142
5866	93
5867	133
5868	9
5869	104
5870	98
5871	44
5872	23
5873	56
5874	82
5875	133
5876	68
5877	35
5878	68
5879	5
5880	23
5881	13
5882	54
5883	118
5884	118
5885	56
5886	84
5887	54
5888	95
5889	107
5890	36
5891	49
5892	43
5893	56
5894	26
5895	54
5896	21
5897	44
5898	101
5899	147
5900	111
5901	107
5902	27
5903	63
5904	101
5905	36
5906	110
5907	89
5908	44
5909	40
5910	116
5911	40
5912	128
5913	44
5914	129
5915	144
5916	44
5917	2
5918	24
5919	54
5920	27
5921	111
5922	107
5923	50
5924	115
5925	110
5926	53
5927	65
5928	55
5929	133
5930	110
5931	10
5932	119
5933	29
5934	109
5935	78
5936	121
5937	47
5938	96
5939	81
5940	21
5941	65
5942	18
5943	131
5944	61
5945	118
5946	94
5947	144
5948	111
5949	51
5950	50
5951	65
5952	44
5953	117
5954	48
5955	118
5956	26
5957	56
5958	47
5959	26
5960	63
5961	79
5962	93
5963	86
5964	47
5965	40
5966	37
5967	104
5968	56
5969	110
5970	96
5971	55
5972	44
5973	40
5974	146
5975	54
5976	44
5977	72
5978	128
5979	75
5980	46
5981	38
5982	27
5983	111
5984	26
5985	54
5986	123
5987	145
5988	34
5989	62
5990	105
5991	38
5992	76
5993	100
5994	65
5995	44
5996	49
5997	61
5998	128
5999	15
6000	130
6001	77
6002	128
6003	86
6004	86
6005	79
6006	52
6007	23
6008	75
6009	100
6010	12
6011	148
6012	51
6013	111
6014	85
6015	10
6016	112
6017	55
6018	147
6019	81
6020	23
6021	136
6022	38
6023	133
6024	54
6025	35
6026	128
6027	110
6028	23
6029	118
6030	26
6031	128
6032	65
6033	61
6034	115
6035	16
6036	112
6037	26
6038	7
6039	44
6040	107
6041	18
6042	72
6043	23
6044	93
6045	70
6046	89
6047	111
6048	105
6049	65
6050	29
6051	94
6052	148
6053	107
6054	47
6055	111
6056	117
6057	33
6058	7
6059	7
6060	77
6061	117
6062	7
6063	52
6064	76
6065	7
6066	119
6067	110
6068	55
6069	107
6070	93
6071	44
6072	30
6073	76
6074	44
6075	19
6076	28
6077	63
6078	12
6079	110
6080	35
6081	109
6082	105
6083	118
6084	135
6085	100
6086	105
6087	118
6088	70
6089	36
6090	107
6091	124
6092	75
6093	114
6094	41
6095	119
6096	117
6097	15
6098	110
6099	94
6100	75
6101	63
6102	86
6103	36
6104	133
6105	133
6106	118
6107	105
6108	24
6109	105
6110	94
6111	63
6112	93
6113	66
6114	23
6115	26
6116	86
6117	2
6118	70
6119	47
6120	23
6121	19
6122	15
6123	28
6124	128
6125	13
6126	26
6127	36
6128	115
6129	30
6130	128
6131	39
6132	63
6133	63
6134	104
6135	6
6136	128
6137	39
6138	63
6139	63
6140	54
6141	36
6142	88
6143	65
6144	26
6145	1
6146	93
6147	68
6148	58
6149	104
6150	60
6151	2
6152	30
6153	19
6154	38
6155	97
6156	34
6157	17
6158	23
6159	68
6160	121
6161	109
6162	39
6163	146
6164	141
6165	70
6166	108
6167	85
6168	93
6169	2
6170	64
6171	144
6172	1
6173	70
6174	137
6175	2
6176	130
6177	30
6178	61
6179	131
6180	54
6181	35
6182	50
6183	118
6184	2
6185	118
6186	2
6187	47
6188	87
6189	93
6190	76
6191	135
6192	70
6193	129
6194	117
6195	33
6196	5
6197	27
6198	21
6199	28
6200	64
6201	27
6202	128
6203	89
6204	47
6205	147
6206	105
6207	7
6208	129
6209	147
6210	30
6211	117
6212	109
6213	136
6214	47
6215	67
6216	5
6217	122
6218	85
6219	36
6220	118
6221	71
6222	52
6223	118
6224	50
6225	91
6226	41
6227	76
6228	61
6229	71
6230	61
6231	19
6232	114
6233	112
6234	64
6235	55
6236	62
6237	8
6238	32
6239	109
6240	119
6241	56
6242	125
6243	84
6244	64
6245	65
6246	18
6247	117
6248	62
6249	35
6250	98
6251	127
6252	2
6253	39
6254	34
6255	93
6256	2
6257	108
6258	112
6259	72
6260	93
6261	144
6262	93
6263	75
6264	148
6265	28
6266	84
6267	87
6268	62
6269	93
6270	113
6271	130
6272	65
6273	19
6274	109
6275	8
6276	144
6277	112
6278	83
6279	107
6280	114
6281	67
6282	61
6283	36
6284	62
6285	50
6286	23
6287	104
6288	16
6289	52
6290	27
6291	86
6292	113
6293	32
6294	65
6295	70
6296	11
6297	86
6298	34
6299	93
6300	103
6301	6
6302	147
6303	131
6304	82
6305	124
6306	86
6307	83
6308	133
6309	91
6310	52
6311	64
6312	42
6313	23
6314	54
6315	103
6316	104
6317	65
6318	62
6319	101
6320	41
6321	40
6322	84
6323	68
6324	144
6325	127
6326	15
6327	86
6328	55
6329	93
6330	84
6331	97
6332	12
6333	44
6334	83
6335	84
6336	134
6337	63
6338	5
6339	50
6340	47
6341	15
6342	129
6343	15
6344	129
6345	54
6346	107
6347	34
6348	105
6349	15
6350	101
6351	21
6352	111
6353	54
6354	111
6355	67
6356	104
6357	67
6358	142
6359	142
6360	63
6361	102
6362	128
6363	3
6364	17
6365	67
6366	104
6367	129
6368	86
6369	93
6370	102
6371	21
6372	55
6373	50
6374	101
6375	90
6376	64
6377	39
6378	106
6379	111
6380	107
6381	21
6382	4
6383	99
6384	109
6385	107
6386	55
6387	107
6388	110
6389	117
6390	102
6391	65
6392	44
6393	112
6394	63
6395	47
6396	10
6397	18
6398	117
6399	23
6400	27
6401	15
6402	70
6403	18
6404	118
6405	88
6406	27
6407	93
6408	86
6409	2
6410	26
6411	27
6412	93
6413	19
6414	91
6415	27
6416	34
6417	26
6418	109
6419	124
6420	23
6421	23
6422	94
6423	118
6424	63
6425	47
6426	84
6427	86
6428	1
6429	47
6430	65
6431	87
6432	26
6433	92
6434	107
6435	38
6436	97
6437	30
6438	128
6439	36
6440	133
6441	63
6442	44
6443	105
6444	34
6445	45
6446	141
6447	54
6448	85
6449	91
6450	45
6451	21
6452	75
6453	44
6454	37
6455	65
6456	133
6457	18
6458	40
6459	75
6460	136
6461	60
6462	60
6463	38
6464	26
6465	93
6466	27
6467	47
6468	77
6469	56
6470	23
6471	41
6472	84
6473	111
6474	44
6475	53
6476	93
6477	26
6478	47
6479	47
6480	110
6481	121
6482	45
6483	141
6484	44
6485	79
6486	54
6487	63
6488	55
6489	45
6490	82
6491	36
6492	44
6493	19
6494	86
6495	24
6496	56
6497	117
6498	50
6499	124
6500	86
6501	12
6502	54
6503	56
6504	40
6505	54
6506	84
6507	12
6508	97
6509	64
6510	93
6511	47
6512	35
6513	113
6514	93
6515	117
6516	33
6517	63
6518	96
6519	111
6520	44
6521	75
6522	76
6523	41
6524	54
6525	89
6526	22
6527	76
6528	55
6529	47
6530	105
6531	27
6532	128
6533	36
6534	79
6535	7
6536	33
6537	107
6538	21
6539	54
6540	86
6541	83
6542	91
6543	111
6544	47
6545	42
6546	63
6547	124
6548	134
6549	81
6550	39
6551	54
6552	117
6553	45
6554	15
6555	93
6556	110
6557	110
6558	107
6559	21
6560	136
6561	66
6562	44
6563	142
6564	107
6565	2
6566	12
6567	139
6568	10
6569	105
6570	101
6571	28
6572	36
6573	54
6574	44
6575	7
6576	111
6577	44
6578	105
6579	89
6580	53
6581	23
6582	7
6583	27
6584	38
6585	30
6586	33
6587	54
6588	148
6589	38
6590	75
6591	66
6592	20
6593	126
6594	35
6595	27
6596	117
6597	128
6598	109
6599	129
6600	76
6601	7
6602	111
6603	33
6604	103
6605	84
6606	129
6607	110
6608	73
6609	107
6610	19
6611	107
6612	19
6613	70
6614	85
6615	65
6616	32
6617	7
6618	64
6619	12
6620	69
6621	15
6622	54
6623	121
6624	111
6625	23
6626	7
6627	104
6628	110
6629	48
6630	85
6631	56
6632	46
6633	13
6634	3
6635	26
6636	44
6637	137
6638	19
6639	82
6640	55
6641	118
6642	144
6643	27
6644	47
6645	107
6646	71
6647	117
6648	35
6649	63
6650	97
6651	108
6652	7
6653	64
6654	115
6655	49
6656	27
6657	24
6658	105
6659	68
6660	92
6661	87
6662	19
6663	19
6664	84
6665	37
6666	17
6667	61
6668	104
6669	39
6670	84
6671	81
6672	12
6673	61
6674	116
6675	120
6676	39
6677	12
6678	105
6679	126
6680	125
6681	6
6682	33
6683	84
6684	108
6685	35
6686	40
6687	70
6688	132
6689	146
6690	93
6691	93
6692	67
6693	61
6694	61
6695	20
6696	84
6697	61
6698	40
6699	147
6700	93
6701	7
6702	53
6703	136
6704	54
6705	7
6706	48
6707	111
6708	105
6709	51
6710	40
6711	35
6712	65
6713	71
6714	112
6715	144
6716	61
6717	65
6718	64
6719	117
6720	7
6721	60
6722	129
6723	30
6724	28
6725	41
6726	93
6727	50
6728	84
6729	105
6730	75
6731	76
6732	52
6733	60
6734	40
6735	148
6736	49
6737	143
6738	55
6739	123
6740	144
6741	123
6742	37
6743	110
6744	51
6745	99
6746	65
6747	117
6748	60
6749	35
6750	146
6751	89
6752	95
6753	97
6754	61
6755	5
6756	109
6757	55
6758	57
6759	140
6760	17
6761	2
6762	16
6763	28
6764	59
6765	125
6766	7
6767	146
6768	28
6769	83
6770	28
6771	65
6772	60
6773	55
6774	30
6775	38
6776	8
6777	124
6778	16
6779	17
6780	8
6781	20
6782	67
6783	55
6784	93
6785	16
6786	77
6787	93
6788	14
6789	29
6790	15
6791	86
6792	23
6793	21
6794	50
6795	15
6796	76
6797	92
6798	54
6799	91
6800	118
6801	60
6802	23
6803	64
6804	23
6805	132
6806	15
6807	109
6808	107
6809	62
6810	87
6811	104
6812	50
6813	107
6814	47
6815	60
6816	61
6817	65
6818	101
6819	25
6820	36
6821	65
6822	67
6823	29
6824	86
6825	17
6826	86
6827	50
6828	50
6829	55
6830	136
6831	104
6832	10
6833	37
6834	21
6835	65
6836	64
6837	87
6838	83
6839	145
6840	15
6841	86
6842	86
6843	25
6844	98
6845	109
6846	60
6847	98
6848	111
6849	66
6850	44
6851	55
6852	109
6853	66
6854	61
6855	136
6856	54
6857	65
6858	54
6859	40
6860	119
6861	67
6862	67
6863	86
6864	103
6865	81
6866	34
6867	86
6868	9
6869	56
6870	9
6871	9
6872	2
6873	3
6874	109
6875	109
6876	42
6877	87
6878	34
6879	44
6880	66
6881	44
6882	27
6883	54
6884	59
6885	133
6886	54
6887	120
6888	24
6889	65
6890	70
6891	99
6892	23
6893	21
6894	61
6895	44
6896	118
6897	55
6898	21
6899	86
6900	110
6901	27
6902	6
6903	27
6904	85
6905	22
6906	23
6907	118
6908	112
6909	62
6910	54
6911	110
6912	54
6913	60
6914	54
6915	65
6916	23
6917	70
6918	63
6919	44
6920	111
6921	15
6922	24
6923	145
6924	55
6925	54
6926	111
6927	82
6928	94
6929	28
6930	125
6931	104
6932	81
6933	117
6934	128
6935	23
6936	18
6937	71
6938	47
6939	70
6940	71
6941	54
6942	99
6943	47
6944	63
6945	107
6946	117
6947	23
6948	5
6949	23
6950	101
6951	128
6952	58
6953	67
6954	110
6955	27
6956	30
6957	44
6958	4
6959	110
6960	4
6961	137
6962	75
6963	119
6964	110
6965	128
6966	86
6967	124
6968	65
6969	112
6970	7
6971	63
6972	65
6973	53
6974	65
6975	118
6976	1
6977	91
6978	33
6979	128
6980	65
6981	18
6982	82
6983	85
6984	47
6985	7
6986	103
6987	41
6988	63
6989	50
6990	146
6991	44
6992	119
6993	110
6994	47
6995	99
6996	75
6997	101
6998	82
6999	47
7000	65
7001	59
7002	54
7003	35
7004	19
7005	101
7006	25
7007	23
7008	86
7009	65
7010	107
7011	44
7012	111
7013	36
7014	128
7015	12
7016	26
7017	18
7018	47
7019	93
7020	63
7021	63
7022	76
7023	111
7024	52
7025	80
7026	107
7027	54
7028	117
7029	136
7030	63
7031	71
7032	27
7033	34
7034	52
7035	26
7036	38
7037	86
7038	44
7039	29
7040	23
7041	15
7042	109
7043	86
7044	93
7045	56
7046	79
7047	105
7048	36
7049	54
7050	65
7051	128
7052	75
7053	28
7054	58
7055	42
7056	3
7057	93
7058	47
7059	12
7060	65
7061	38
7062	101
7063	20
7064	128
7065	67
7066	89
7067	54
7068	93
7069	27
7070	28
7071	50
7072	55
7073	23
7074	36
7075	96
7076	35
7077	15
7078	63
7079	63
7080	12
7081	127
7082	7
7083	112
7084	29
7085	22
7086	35
7087	109
7088	118
7089	130
7090	110
7091	100
7092	27
7093	68
7094	107
7095	93
7096	21
7097	56
7098	36
7099	86
7100	7
7101	26
7102	118
7103	118
7104	93
7105	75
7106	84
7107	27
7108	55
7109	12
7110	28
7111	65
7112	86
7113	114
7114	34
7115	6
7116	44
7117	26
7118	35
7119	105
7120	128
7121	109
7122	55
7123	65
7124	84
7125	28
7126	12
7127	24
7128	109
7129	26
7130	34
7131	65
7132	88
7133	75
7134	125
7135	128
7136	12
7137	19
7138	117
7139	78
7140	121
7141	35
7142	140
7143	54
7144	84
7145	12
7146	108
7147	56
7148	27
7149	86
7150	33
7151	109
7152	99
7153	86
7154	47
7155	63
7156	110
7157	128
7158	19
7159	35
7160	140
7161	110
7162	97
7163	85
7164	111
7165	86
7166	27
7167	9
7168	63
7169	119
7170	121
7171	7
7172	84
7173	145
7174	21
7175	64
7176	95
7177	78
7178	70
7179	75
7180	93
7181	21
7182	99
7183	93
7184	84
7185	105
7186	97
7187	93
7188	60
7189	124
7190	129
7191	105
7192	84
7193	19
7194	61
7195	33
7196	105
7197	61
7198	131
7199	34
7200	35
7201	111
7202	12
7203	68
7204	82
7205	61
7206	86
7207	110
7208	31
7209	70
7210	110
7211	117
7212	73
7213	30
7214	93
7215	111
7216	69
7217	55
7218	119
7219	28
7220	93
7221	144
7222	130
7223	118
7224	30
7225	40
7226	68
7227	55
7228	71
7229	5
7230	99
7231	60
7232	53
7233	65
7234	4
7235	148
7236	9
7237	123
7238	112
7239	65
7240	142
7241	88
7242	60
7243	100
7244	62
7245	12
7246	87
7247	27
7248	84
7249	5
7250	56
7251	28
7252	39
7253	146
7254	39
7255	35
7256	82
7257	63
7258	87
7259	118
7260	4
7261	7
7262	74
7263	50
7264	35
7265	41
7266	137
7267	4
7268	41
7269	145
7270	137
7271	50
7272	63
7273	2
7274	81
7275	41
7276	75
7277	18
7278	67
7279	87
7280	5
7281	110
7282	15
7283	118
7284	53
7285	33
7286	92
7287	1
7288	15
7289	60
7290	12
7291	44
7292	40
7293	143
7294	46
7295	2
7296	131
7297	11
7298	59
7299	38
7300	46
7301	65
7302	107
7303	61
7304	108
7305	54
7306	117
7307	61
7308	61
7309	76
7310	51
7311	55
7312	15
7313	144
7314	84
7315	61
7316	55
7317	52
7318	38
7319	5
7320	15
7321	21
7322	5
7323	109
7324	65
7325	26
7326	68
7327	7
7328	21
7329	136
7330	67
7331	55
7332	18
7333	55
7334	69
7335	101
7336	37
7337	112
7338	44
7339	20
7340	107
7341	109
7342	74
7343	65
7344	92
7345	98
7346	31
7347	82
7348	82
7349	95
7350	66
7351	30
7352	87
7353	104
7354	53
7355	47
7356	86
7357	39
7358	23
7359	1
7360	138
7361	20
7362	124
7363	107
7364	124
7365	128
7366	135
7367	107
7368	66
7369	4
7370	93
7371	82
7372	129
7373	128
7374	101
7375	19
7376	78
7377	13
7378	109
7379	21
7380	121
7381	84
7382	24
7383	15
7384	35
7385	15
7386	75
7387	65
7388	50
7389	129
7390	67
7391	110
7392	18
7393	97
7394	70
7395	64
7396	13
7397	24
7398	24
7399	21
7400	73
7401	37
7402	115
7403	90
7404	54
7405	71
7406	110
7407	128
7408	21
7409	36
7410	86
7411	19
7412	104
7413	42
7414	81
7415	93
7416	90
7417	54
7418	77
7419	118
7420	117
7421	133
7422	121
7423	23
7424	15
7425	86
7426	121
7427	105
7428	36
7429	43
7430	19
7431	38
7432	138
7433	117
7434	55
7435	93
7436	128
7437	58
7438	26
7439	54
7440	2
7441	47
7442	121
7443	144
7444	97
7445	64
7446	28
7447	5
7448	67
7449	83
7450	110
7451	82
7452	67
7453	61
7454	116
7455	36
7456	26
7457	21
7458	47
7459	110
7460	44
7461	54
7462	15
7463	36
7464	135
7465	111
7466	26
7467	68
7468	140
7469	65
7470	76
7471	54
7472	82
7473	7
7474	65
7475	33
7476	23
7477	55
7478	23
7479	117
7480	117
7481	136
7482	132
7483	25
7484	44
7485	93
7486	75
7487	7
7488	128
7489	5
7490	41
7491	119
7492	118
7493	71
7494	49
7495	75
7496	128
7497	128
7498	15
7499	63
7500	40
7501	80
7502	86
7503	112
7504	124
7505	30
7506	111
7507	63
7508	95
7509	7
7510	35
7511	36
7512	95
7513	38
7514	27
7515	65
7516	86
7517	53
7518	75
7519	129
7520	72
7521	128
7522	111
7523	12
7524	55
7525	54
7526	27
7527	61
7528	93
7529	36
7530	86
7531	36
7532	99
7533	81
7534	35
7535	44
7536	86
7537	85
7538	75
7539	108
7540	12
7541	12
7542	117
7543	35
7544	144
7545	81
7546	142
7547	54
7548	110
7549	147
7550	69
7551	111
7552	111
7553	15
7554	47
7555	23
7556	118
7557	81
7558	65
7559	7
7560	110
7561	128
7562	41
7563	30
7564	28
7565	99
7566	7
7567	15
7568	117
7569	76
7570	28
7571	56
7572	63
7573	42
7574	12
7575	93
7576	67
7577	111
7578	7
7579	25
7580	35
7581	20
7582	105
7583	93
7584	15
7585	115
7586	36
7587	93
7588	12
7589	44
7590	35
7591	110
7592	128
7593	118
7594	63
7595	135
7596	117
7597	100
7598	12
7599	125
7600	26
7601	38
7602	27
7603	15
7604	62
7605	105
7606	63
7607	118
7608	47
7609	24
7610	27
7611	125
7612	57
7613	28
7614	102
7615	110
7616	7
7617	26
7618	15
7619	15
7620	55
7621	109
7622	7
7623	117
7624	109
7625	116
7626	23
7627	116
7628	28
7629	47
7630	29
7631	86
7632	42
7633	93
7634	23
7635	30
7636	12
7637	146
7638	36
7639	67
7640	27
7641	64
7642	15
7643	42
7644	86
7645	110
7646	45
7647	84
7648	78
7649	106
7650	107
7651	7
7652	97
7653	82
7654	30
7655	20
7656	84
7657	98
7658	2
7659	47
7660	107
7661	105
7662	139
7663	19
7664	15
7665	68
7666	35
7667	27
7668	63
7669	23
7670	54
7671	106
7672	125
7673	109
7674	65
7675	28
7676	84
7677	61
7678	15
7679	68
7680	19
7681	63
7682	24
7683	64
7684	121
7685	75
7686	147
7687	28
7688	34
7689	84
7690	64
7691	36
7692	60
7693	28
7694	2
7695	61
7696	30
7697	125
7698	27
7699	134
7700	118
7701	102
7702	39
7703	68
7704	75
7705	31
7706	105
7707	64
7708	61
7709	98
7710	36
7711	50
7712	53
7713	137
7714	128
7715	99
7716	61
7717	55
7718	93
7719	50
7720	110
7721	19
7722	128
7723	39
7724	119
7725	15
7726	67
7727	43
7728	40
7729	97
7730	29
7731	109
7732	36
7733	7
7734	105
7735	92
7736	2
7737	7
7738	7
7739	36
7740	60
7741	97
7742	145
7743	127
7744	65
7745	129
7746	137
7747	128
7748	87
7749	77
7750	128
7751	1
7752	53
7753	46
7754	109
7755	40
7756	65
7757	24
7758	51
7759	70
7760	88
7761	119
7762	5
7763	65
7764	28
7765	61
7766	66
7767	81
7768	44
7769	65
7770	74
7771	25
7772	122
7773	67
7774	64
7775	50
7776	78
7777	76
7778	51
7779	18
7780	65
7781	52
7782	144
7783	52
7784	55
7785	72
7786	40
7787	28
7788	10
7789	134
7790	64
7791	62
7792	145
7793	90
7794	1
7795	67
7796	118
7797	88
7798	19
7799	4
7800	87
7801	62
7802	94
7803	55
7804	50
7805	2
7806	16
7807	56
7808	117
7809	117
7810	144
7811	12
7812	31
7813	32
7814	103
7815	93
7816	126
7817	5
7818	81
7819	110
7820	130
7821	1
7822	85
7823	38
7824	75
7825	20
7826	132
7827	58
7828	33
7829	113
7830	55
7831	147
7832	30
7833	148
7834	50
7835	80
7836	5
7837	30
7838	104
7839	125
7840	139
7841	103
7842	68
7843	50
7844	21
7845	124
7846	44
7847	103
7848	111
7849	111
7850	35
7851	133
7852	107
7853	5
7854	50
7855	47
7856	119
7857	70
7858	2
7859	75
7860	25
7861	72
7862	44
7863	148
7864	101
7865	136
7866	111
7867	142
7868	98
7869	93
7870	37
7871	47
7872	85
7873	109
7874	107
7875	55
7876	111
7877	68
7878	86
7879	88
7880	47
7881	77
7882	68
7883	85
7884	95
7885	54
7886	55
7887	23
7888	15
7889	72
7890	2
7891	20
7892	86
7893	27
7894	27
7895	5
7896	18
7897	56
7898	86
7899	27
7900	23
7901	52
7902	94
7903	133
7904	107
7905	26
7906	128
7907	107
7908	15
7909	5
7910	19
7911	99
7912	91
7913	28
7914	93
7915	39
7916	99
7917	118
7918	90
7919	49
7920	108
7921	15
7922	21
7923	104
7924	55
7925	117
7926	117
7927	48
7928	142
7929	26
7930	55
7931	87
7932	124
7933	78
7934	148
7935	52
7936	73
7937	23
7938	87
7939	70
7940	23
7941	63
7942	19
7943	50
7944	110
7945	128
7946	17
7947	15
7948	34
7949	86
7950	81
7951	54
7952	36
7953	86
7954	87
7955	27
7956	99
7957	62
7958	124
7959	44
7960	107
7961	74
7962	15
7963	110
7964	107
7965	118
7966	26
7967	24
7968	40
7969	15
7970	44
7971	9
7972	67
7973	144
7974	23
7975	56
7976	85
7977	128
7978	107
7979	104
7980	36
7981	148
7982	100
7983	86
7984	137
7985	61
7986	91
7987	55
7988	54
7989	26
7990	27
7991	63
7992	56
7993	27
7994	47
7995	44
7996	117
7997	27
7998	132
7999	107
8000	121
8001	15
8002	23
8003	36
8004	47
8005	118
8006	63
8007	97
8008	72
8009	24
8010	49
8011	54
8012	39
8013	86
8014	27
8015	15
8016	75
8017	121
8018	117
8019	17
8020	17
8021	50
8022	36
8023	70
8024	44
8025	44
8026	27
8027	47
8028	110
8029	46
8030	95
8031	111
8032	75
8033	82
8034	47
8035	43
8036	37
8037	121
8038	101
8039	27
8040	118
8041	65
8042	31
8043	110
8044	44
8045	128
8046	15
8047	40
8048	55
8049	52
8050	111
8051	93
8052	33
8053	47
8054	122
8055	119
8056	44
8057	118
8058	67
8059	14
8060	95
8061	129
8062	14
8063	148
8064	86
8065	12
8066	89
8067	86
8068	26
8069	54
8070	56
8071	15
8072	7
8073	55
8074	55
8075	77
8076	34
8077	75
8078	29
8079	106
8080	15
8081	86
8082	83
8083	110
8084	38
8085	47
8086	130
8087	40
8088	75
8089	110
8090	12
8091	100
8092	22
8093	12
8094	35
8095	28
8096	23
8097	93
8098	110
8099	93
8100	12
8101	27
8102	55
8103	36
8104	50
8105	117
8106	47
8107	13
8108	136
8109	93
8110	33
8111	65
8112	29
8113	44
8114	25
8115	51
8116	84
8117	111
8118	127
8119	105
8120	38
8121	19
8122	86
8123	55
8124	136
8125	129
8126	12
8127	47
8128	54
8129	63
8130	111
8131	30
8132	47
8133	35
8134	27
8135	85
8136	76
8137	47
8138	19
8139	115
8140	19
8141	7
8142	86
8143	68
8144	32
8145	55
8146	93
8147	86
8148	86
8149	55
8150	36
8151	30
8152	30
8153	64
8154	146
8155	27
8156	44
8157	40
8158	7
8159	12
8160	101
8161	98
8162	120
8163	40
8164	98
8165	55
8166	72
8167	101
8168	26
8169	15
8170	145
8171	99
8172	128
8173	36
8174	118
8175	19
8176	108
8177	23
8178	7
8179	98
8180	123
8181	47
8182	105
8183	110
8184	30
8185	128
8186	28
8187	23
8188	107
8189	128
8190	111
8191	78
8192	148
8193	41
8194	83
8195	75
8196	12
8197	42
8198	47
8199	105
8200	60
8201	36
8202	9
8203	129
8204	72
8205	44
8206	34
8207	11
8208	70
8209	85
8210	49
8211	70
8212	116
8213	125
8214	9
8215	144
8216	38
8217	60
8218	42
8219	76
8220	68
8221	88
8222	60
8223	105
8224	103
8225	75
8226	50
8227	1
8228	30
8229	19
8230	109
8231	84
8232	56
8233	45
8234	60
8235	87
8236	88
8237	117
8238	96
8239	40
8240	137
8241	40
8242	5
8243	128
8244	147
8245	40
8246	127
8247	84
8248	55
8249	27
8250	5
8251	30
8252	19
8253	75
8254	7
8255	80
8256	2
8257	110
8258	98
8259	60
8260	41
8261	9
8262	43
8263	109
8264	48
8265	19
8266	28
8267	30
8268	60
8269	95
8270	128
8271	95
8272	26
8273	37
8274	137
8275	50
8276	12
8277	55
8278	36
8279	30
8280	28
8281	120
8282	105
8283	97
8284	12
8285	28
8286	32
8287	38
8288	79
8289	35
8290	38
8291	65
8292	55
8293	35
8294	55
8295	65
8296	93
8297	126
8298	39
8299	27
8300	77
8301	136
8302	35
8303	40
8304	141
8305	67
8306	48
8307	84
8308	136
8309	39
8310	39
8311	87
8312	105
8313	93
8314	105
8315	112
8316	133
8317	1
8318	116
8319	15
8320	14
8321	41
8322	52
8323	34
8324	65
8325	14
8326	15
8327	21
8328	80
8329	48
8330	140
8331	114
8332	15
8333	89
8334	55
8335	93
8336	144
8337	12
8338	15
8339	108
8340	15
8341	125
8342	14
8343	86
8344	27
8345	25
8346	107
8347	15
8348	29
8349	76
8350	28
8351	109
8352	124
8353	45
8354	47
8355	124
8356	93
8357	44
8358	111
8359	47
8360	47
8361	103
8362	87
8363	79
8364	86
8365	124
8366	111
8367	5
8368	78
8369	47
8370	65
8371	54
8372	28
8373	22
8374	15
8375	34
8376	39
8377	109
8378	39
8379	100
8380	148
8381	84
8382	107
8383	42
8384	65
8385	2
8386	54
8387	50
8388	83
8389	65
8390	98
8391	68
8392	23
8393	87
8394	82
8395	63
8396	23
8397	63
8398	109
8399	55
8400	64
8401	135
8402	66
8403	24
8404	21
8405	2
8406	34
8407	24
8408	86
8409	115
8410	47
8411	47
8412	107
8413	107
8414	65
8415	91
8416	107
8417	23
8418	39
8419	39
8420	123
8421	14
8422	52
8423	55
8424	61
8425	54
8426	81
8427	47
8428	93
8429	144
8430	23
8431	27
8432	110
8433	111
8434	94
8435	93
8436	23
8437	66
8438	141
8439	26
8440	85
8441	65
8442	69
8443	65
8444	15
8445	27
8446	85
8447	24
8448	55
8449	93
8450	128
8451	15
8452	118
8453	106
8454	49
8455	117
8456	28
8457	99
8458	133
8459	34
8460	61
8461	63
8462	127
8463	63
8464	55
8465	121
8466	66
8467	92
8468	110
8469	63
8470	107
8471	111
8472	26
8473	17
8474	34
8475	107
8476	14
8477	85
8478	56
8479	26
8480	30
8481	68
8482	87
8483	86
8484	87
8485	57
8486	21
8487	34
8488	70
8489	86
8490	108
8491	53
8492	81
8493	147
8494	11
8495	44
8496	86
8497	10
8498	128
8499	128
8500	15
8501	63
8502	22
8503	144
8504	57
8505	86
8506	75
8507	60
8508	99
8509	56
8510	5
8511	81
8512	44
8513	34
8514	67
8515	46
8516	116
8517	118
8518	115
8519	44
8520	7
8521	54
8522	26
8523	102
8524	101
8525	44
8526	39
8527	44
8528	44
8529	51
8530	15
8531	85
8532	38
8533	47
8534	130
8535	7
8536	35
8537	33
8538	47
8539	18
8540	7
8541	94
8542	95
8543	7
8544	43
8545	118
8546	54
8547	93
8548	44
8549	34
8550	26
8551	35
8552	21
8553	125
8554	23
8555	73
8556	124
8557	112
8558	124
8559	46
8560	67
8561	65
8562	108
8563	76
8564	47
8565	111
8566	27
8567	126
8568	86
8569	75
8570	124
8571	35
8572	105
8573	23
8574	63
8575	93
8576	44
8577	118
8578	29
8579	12
8580	97
8581	35
8582	114
8583	146
8584	55
8585	61
8586	65
8587	147
8588	27
8589	50
8590	47
8591	43
8592	128
8593	36
8594	47
8595	33
8596	44
8597	47
8598	23
8599	146
8600	110
8601	66
8602	126
8603	70
8604	15
8605	117
8606	3
8607	110
8608	55
8609	35
8610	117
8611	117
8612	120
8613	54
8614	65
8615	23
8616	56
8617	141
8618	15
8619	13
8620	37
8621	27
8622	101
8623	111
8624	36
8625	36
8626	35
8627	109
8628	107
8629	27
8630	7
8631	56
8632	136
8633	79
8634	76
8635	70
8636	35
8637	118
8638	80
8639	111
8640	54
8641	125
8642	19
8643	54
8644	36
8645	15
8646	37
8647	12
8648	148
8649	75
8650	42
8651	119
8652	63
8653	55
8654	7
8655	2
8656	28
8657	54
8658	145
8659	96
8660	93
8661	23
8662	7
8663	93
8664	54
8665	111
8666	36
8667	12
8668	27
8669	30
8670	7
8671	117
8672	123
8673	65
8674	44
8675	30
8676	69
8677	7
8678	35
8679	20
8680	127
8681	36
8682	142
8683	64
8684	28
8685	30
8686	118
8687	28
8688	23
8689	15
8690	65
8691	15
8692	65
8693	23
8694	128
8695	10
8696	89
8697	73
8698	117
8699	65
8700	111
8701	44
8702	39
8703	54
8704	102
8705	28
8706	83
8707	87
8708	90
8709	92
8710	24
8711	117
8712	44
8713	88
8714	33
8715	10
8716	52
8717	28
8718	38
8719	60
8720	20
8721	63
8722	50
8723	118
8724	44
8725	49
8726	86
8727	27
8728	105
8729	68
8730	104
8731	84
8732	6
8733	54
8734	46
8735	67
8736	2
8737	86
8738	130
8739	120
8740	63
8741	65
8742	83
8743	35
8744	98
8745	41
8746	60
8747	40
8748	50
8749	65
8750	139
8751	105
8752	41
8753	67
8754	144
8755	88
8756	64
8757	68
8758	122
8759	61
8760	55
8761	119
8762	56
8763	2
8764	87
8765	119
8766	23
8767	67
8768	50
8769	13
8770	125
8771	87
8772	136
8773	70
8774	87
8775	81
8776	30
8777	136
8778	62
8779	110
8780	26
8781	5
8782	105
8783	137
8784	126
8785	2
8786	5
8787	93
8788	96
8789	84
8790	35
8791	118
8792	28
8793	7
8794	94
8795	76
8796	129
8797	92
8798	2
8799	55
8800	105
8801	75
8802	93
8803	65
8804	99
8805	125
8806	126
8807	114
8808	15
8809	96
8810	62
8811	86
8812	57
8813	28
8814	58
8815	87
8816	42
8817	82
8818	137
8819	84
8820	134
8821	89
8822	15
8823	112
8824	30
8825	90
8826	41
8827	53
8828	7
8829	2
8830	12
8831	87
8832	54
8833	135
8834	15
8835	18
8836	31
8837	86
8838	109
8839	80
8840	131
8841	2
8842	93
8843	112
8844	86
8845	76
8846	107
8847	77
8848	54
8849	144
8850	57
8851	107
8852	107
8853	116
8854	89
8855	21
8856	114
8857	86
8858	50
8859	47
8860	130
8861	23
8862	60
8863	103
8864	125
8865	109
8866	139
8867	115
8868	107
8869	93
8870	49
8871	111
8872	10
8873	125
8874	85
8875	44
8876	93
8877	124
8878	50
8879	38
8880	118
8881	34
8882	55
8883	89
8884	54
8885	40
8886	104
8887	109
8888	81
8889	73
8890	15
8891	86
8892	2
8893	28
8894	39
8895	44
8896	109
8897	128
8898	104
8899	89
8900	65
8901	54
8902	76
8903	84
8904	23
8905	128
8906	44
8907	20
8908	75
8909	104
8910	111
8911	107
8912	42
8913	101
8914	107
8915	23
8916	27
8917	76
8918	86
8919	141
8920	107
8921	15
8922	86
8923	54
8924	60
8925	27
8926	65
8927	99
8928	26
8929	50
8930	12
8931	48
8932	148
8933	21
8934	101
8935	58
8936	145
8937	128
8938	93
8939	121
8940	121
8941	23
8942	60
8943	23
8944	44
8945	85
8946	23
8947	118
8948	52
8949	15
8950	128
8951	27
8952	85
8953	5
8954	20
8955	94
8956	101
8957	55
8958	107
8959	107
8960	49
8961	71
8962	61
8963	137
8964	24
8965	67
8966	70
8967	55
8968	54
8969	81
8970	82
8971	38
8972	107
8973	121
8974	111
8975	118
8976	26
8977	65
8978	124
8979	107
8980	30
8981	118
8982	63
8983	115
8984	104
8985	55
8986	54
8987	63
8988	63
8989	128
8990	61
8991	93
8992	70
8993	147
8994	147
8995	86
8996	107
8997	70
8998	120
8999	20
9000	119
9001	5
9002	46
9003	117
9004	127
9005	97
9006	44
9007	36
9008	118
9009	111
9010	33
9011	15
9012	118
9013	47
9014	8
9015	14
9016	24
9017	111
9018	27
9019	51
9020	117
9021	30
9022	65
9023	101
9024	55
9025	123
9026	26
9027	2
9028	52
9029	36
9030	34
9031	15
9032	28
9033	32
9034	36
9035	65
9036	14
9037	86
9038	23
9039	111
9040	102
9041	56
9042	107
9043	66
9044	65
9045	33
9046	93
9047	23
9048	117
9049	75
9050	58
9051	63
9052	147
9053	23
9054	6
9055	101
9056	86
9057	36
9058	26
9059	95
9060	23
9061	128
9062	23
9063	35
9064	55
9065	65
9066	22
9067	75
9068	76
9069	132
9070	105
9071	1
9072	1
9073	130
9074	38
9075	129
9076	63
9077	93
9078	19
9079	35
9080	112
9081	125
9082	39
9083	144
9084	35
9085	135
9086	77
9087	93
9088	70
9089	81
9090	111
9091	35
9092	125
9093	54
9094	24
9095	27
9096	67
9097	44
9098	144
9099	26
9100	15
9101	124
9102	35
9103	111
9104	35
9105	26
9106	128
9107	7
9108	7
9109	105
9110	29
9111	89
9112	105
9113	26
9114	128
9115	35
9116	7
9117	105
9118	110
9119	36
9120	36
9121	27
9122	99
9123	130
9124	139
9125	26
9126	144
9127	15
9128	89
9129	124
9130	128
9131	6
9132	111
9133	63
9134	36
9135	110
9136	110
9137	63
9138	44
9139	109
9140	23
9141	111
9142	81
9143	118
9144	5
9145	44
9146	107
9147	111
9148	65
9149	47
9150	54
9151	47
9152	28
9153	94
9154	28
9155	111
9156	84
9157	50
9158	119
9159	63
9160	117
9161	23
9162	55
9163	86
9164	15
9165	19
9166	35
9167	45
9168	105
9169	111
9170	127
9171	44
9172	56
9173	19
9174	143
9175	36
9176	128
9177	36
9178	54
9179	128
9180	111
9181	35
9182	33
9183	54
9184	95
9185	42
9186	104
9187	78
9188	35
9189	125
9190	53
9191	89
9192	55
9193	93
9194	75
9195	15
9196	75
9197	36
9198	88
9199	68
9200	93
9201	80
9202	54
9203	122
9204	123
9205	86
9206	24
9207	86
9208	39
9209	86
9210	27
9211	18
9212	36
9213	49
9214	19
9215	40
9216	110
9217	54
9218	129
9219	39
9220	2
9221	14
9222	44
9223	80
9224	33
9225	63
9226	111
9227	28
9228	99
9229	19
9230	9
9231	144
9232	60
9233	51
9234	88
9235	76
9236	9
9237	103
9238	10
9239	87
9240	60
9241	128
9242	110
9243	43
9244	87
9245	64
9246	105
9247	14
9248	60
9249	73
9250	104
9251	109
9252	11
9253	77
9254	60
9255	30
9256	32
9257	71
9258	145
9259	116
9260	145
9261	61
9262	116
9263	23
9264	61
9265	61
9266	112
9267	113
9268	68
9269	128
9270	87
9271	110
9272	65
9273	19
9274	109
9275	65
9276	82
9277	110
9278	68
9279	133
9280	87
9281	51
9282	12
9283	34
9284	90
9285	93
9286	5
9287	84
9288	24
9289	77
9290	43
9291	107
9292	52
9293	144
9294	136
9295	75
9296	32
9297	67
9298	68
9299	39
9300	92
9301	52
9302	79
9303	54
9304	84
9305	32
9306	68
9307	65
9308	118
9309	94
9310	28
9311	66
9312	94
9313	18
9314	95
9315	68
9316	64
9317	136
9318	17
9319	4
9320	76
9321	65
9322	28
9323	15
9324	136
9325	5
9326	68
9327	55
9328	50
9329	60
9330	105
9331	114
9332	61
9333	7
9334	2
9335	110
9336	109
9337	136
9338	19
9339	27
9340	91
9341	67
9342	33
9343	2
9344	64
9345	81
9346	62
9347	65
9348	55
9349	28
9350	14
9351	55
9352	64
9353	15
9354	109
9355	65
9356	23
9357	67
9358	30
9359	120
9360	74
9361	19
9362	80
9363	21
9364	85
9365	23
9366	86
9367	22
9368	107
9369	55
9370	113
9371	84
9372	51
9373	86
9374	61
9375	81
9376	98
9377	34
9378	85
9379	91
9380	47
9381	74
9382	43
9383	9
9384	44
9385	89
9386	15
9387	34
9388	140
9389	118
9390	60
9391	104
9392	37
9393	103
9394	39
9395	81
9396	107
9397	47
9398	44
9399	107
9400	54
9401	67
9402	44
9403	65
9404	142
9405	121
9406	17
9407	115
9408	86
9409	93
9410	44
9411	41
9412	43
9413	82
9414	47
9415	54
9416	111
9417	104
9418	119
9419	86
9420	129
9421	55
9422	65
9423	104
9424	24
9425	93
9426	86
9427	107
9428	27
9429	111
9430	5
9431	67
9432	93
9433	9
9434	107
9435	145
9436	60
9437	54
9438	40
9439	110
9440	30
9441	81
9442	65
9443	24
9444	61
9445	72
9446	101
9447	63
9448	58
9449	44
9450	97
9451	63
9452	124
9453	26
9454	107
9455	99
9456	50
9457	146
9458	65
9459	85
9460	44
9461	55
9462	36
9463	15
9464	23
9465	101
9466	27
9467	36
9468	109
9469	88
9470	54
9471	101
9472	108
9473	5
9474	104
9475	137
9476	43
9477	44
9478	63
9479	15
9480	118
9481	44
9482	54
9483	70
9484	92
9485	117
9486	110
9487	141
9488	93
9489	50
9490	111
9491	140
9492	70
9493	39
9494	44
9495	143
9496	56
9497	84
9498	47
9499	5
9500	67
9501	92
9502	55
9503	111
9504	5
9505	128
9506	19
9507	110
9508	59
9509	111
9510	23
9511	48
9512	85
9513	114
9514	128
9515	2
9516	7
9517	104
9518	104
9519	65
9520	56
9521	104
9522	33
9523	15
9524	12
9525	24
9526	71
9527	86
9528	47
9529	2
9530	31
9531	86
9532	55
9533	25
9534	65
9535	86
9536	118
9537	96
9538	90
9539	20
9540	23
9541	93
9542	80
9543	11
9544	129
9545	35
9546	34
9547	107
9548	128
9549	64
9550	26
9551	27
9552	35
9553	118
9554	110
9555	35
9556	5
9557	110
9558	64
9559	82
9560	114
9561	23
9562	7
9563	82
9564	27
9565	56
9566	107
9567	75
9568	84
9569	30
9570	109
9571	47
9572	86
9573	7
9574	47
9575	82
9576	105
9577	104
9578	47
9579	35
9580	65
9581	127
9582	105
9583	23
9584	105
9585	85
9586	36
9587	7
9588	12
9589	44
9590	118
9591	118
9592	62
9593	44
9594	89
9595	35
9596	131
9597	27
9598	75
9599	117
9600	75
9601	119
9602	42
9603	68
9604	63
9605	14
9606	134
9607	99
9608	111
9609	36
9610	11
9611	125
9612	44
9613	92
9614	105
9615	48
9616	27
9617	18
9618	47
9619	26
9620	86
9621	23
9622	91
9623	49
9624	128
9625	126
9626	44
9627	101
9628	28
9629	118
9630	128
9631	12
9632	98
9633	28
9634	116
9635	28
9636	107
9637	107
9638	54
9639	106
9640	68
9641	55
9642	84
9643	84
9644	26
9645	110
9646	75
9647	15
9648	125
9649	7
9650	27
9651	120
9652	70
9653	50
9654	97
9655	37
9656	44
9657	105
9658	86
9659	23
9660	54
9661	27
9662	53
9663	15
9664	89
9665	122
9666	86
9667	86
9668	124
9669	44
9670	11
9671	56
9672	54
9673	75
9674	54
9675	86
9676	146
9677	28
9678	65
9679	121
9680	106
9681	27
9682	130
9683	10
9684	118
9685	6
9686	15
9687	63
9688	44
9689	111
9690	28
9691	15
9692	118
9693	107
9694	13
9695	84
9696	3
9697	27
9698	37
9699	28
9700	128
9701	55
9702	47
9703	7
9704	73
9705	7
9706	131
9707	56
9708	66
9709	86
9710	36
9711	68
9712	108
9713	15
9714	56
9715	126
9716	76
9717	70
9718	18
9719	118
9720	36
9721	49
9722	54
9723	42
9724	34
9725	30
9726	39
9727	109
9728	68
9729	15
9730	87
9731	108
9732	107
9733	105
9734	104
9735	92
9736	147
9737	81
9738	26
9739	64
9740	118
9741	64
9742	35
9743	137
9744	110
9745	54
9746	16
9747	84
9748	93
9749	2
9750	107
9751	128
9752	94
9753	39
9754	49
9755	133
9756	47
9757	76
9758	143
9759	35
9760	11
9761	109
9762	58
9763	93
9764	146
9765	55
9766	37
9767	22
9768	13
9769	89
9770	58
9771	48
9772	45
9773	58
9774	128
9775	93
9776	87
9777	111
9778	22
9779	12
9780	119
9781	114
9782	130
9783	85
9784	47
9785	110
9786	19
9787	11
9788	53
9789	109
9790	116
9791	39
9792	12
9793	19
9794	134
9795	87
9796	12
9797	71
9798	111
9799	80
9800	100
9801	87
9802	19
9803	61
9804	111
9805	116
9806	75
9807	12
9808	68
9809	63
9810	76
9811	93
9812	23
9813	99
9814	68
9815	68
9816	35
9817	24
9818	93
9819	52
9820	126
9821	112
9822	30
9823	126
9824	105
9825	49
9826	26
9827	38
9828	101
9829	105
9830	112
9831	93
9832	13
9833	130
9834	66
9835	87
9836	12
9837	125
9838	39
9839	65
9840	93
9841	118
9842	144
9843	144
9844	67
9845	132
9846	2
9847	1
9848	90
9849	31
9850	123
9851	100
9852	89
9853	32
9854	125
9855	67
9856	1
9857	134
9858	80
9859	148
9860	107
9861	6
9862	18
9863	21
9864	93
9865	68
9866	68
9867	134
9868	68
9869	31
9870	21
9871	139
9872	86
9873	66
9874	78
9875	40
9876	148
9877	93
9878	1
9879	61
9880	16
9881	10
9882	84
9883	102
9884	27
9885	15
9886	27
9887	75
9888	13
9889	93
9890	124
9891	23
9892	131
9893	47
9894	114
9895	101
9896	86
9897	109
9898	99
9899	35
9900	111
9901	106
9902	31
9903	86
9904	64
9905	50
9906	89
9907	37
9908	4
9909	95
9910	101
9911	47
9912	80
9913	22
9914	15
9915	34
9916	105
9917	57
9918	18
9919	40
9920	21
9921	138
9922	15
9923	98
9924	143
9925	107
9926	5
9927	44
9928	23
9929	107
9930	130
9931	107
9932	54
9933	63
9934	87
9935	81
9936	20
9937	63
9938	109
9939	26
9940	21
9941	126
9942	47
9943	98
9944	54
9945	111
9946	111
9947	117
9948	44
9949	104
9950	85
9951	144
9952	8
9953	81
9954	93
9955	84
9956	39
9957	51
9958	74
9959	103
9960	111
9961	81
9962	131
9963	59
9964	63
9965	81
9966	50
9967	36
9968	85
9969	118
9970	103
9971	21
9972	9
9973	42
9974	36
9975	49
9976	19
9977	81
9978	99
9979	61
9980	73
9981	82
9982	133
9983	111
9984	101
9985	50
9986	60
9987	63
9988	36
9989	128
9990	110
9991	15
9992	133
9993	27
9994	148
9995	94
9996	54
9997	63
9998	124
9999	111
10000	18
