1	1
2	2
3	3
4	4
5	3
6	5
7	6
8	3
9	7
10	8
11	9
12	5
13	10
14	11
15	12
16	13
17	14
18	15
19	16
20	1
21	1
22	17
23	18
24	19
25	11
26	20
27	21
28	22
29	23
30	24
31	22
32	20
33	25
34	14
35	26
36	27
37	28
38	29
39	18
40	30
41	31
42	32
43	13
44	33
45	26
46	34
47	15
48	35
49	17
50	36
51	27
52	25
53	37
54	18
55	18
56	38
57	39
58	20
59	40
60	41
61	26
62	42
63	43
64	7
65	44
66	40
67	45
68	24
69	38
70	46
71	47
72	36
73	38
74	40
75	18
76	33
77	28
78	31
79	34
80	40
81	2
82	48
83	18
84	7
85	49
86	44
87	16
88	31
89	38
90	33
91	49
92	50
93	44
94	51
95	18
96	49
97	17
98	8
99	40
100	52
101	21
102	13
103	15
104	44
105	18
106	52
107	47
108	53
109	34
110	38
111	7
112	33
113	27
114	15
115	52
116	38
117	47
118	22
119	13
120	54
121	28
122	40
123	40
124	9
125	15
126	49
127	51
128	4
129	27
130	7
131	44
132	55
133	49
134	17
135	14
136	14
137	53
138	2
139	45
140	31
141	51
142	16
143	22
144	8
145	56
146	53
147	23
148	34
149	7
150	33
151	45
152	18
153	51
154	22
155	38
156	27
157	38
158	57
159	2
160	58
161	16
162	26
163	34
164	47
165	37
166	18
167	40
168	15
169	20
170	53
171	38
172	31
173	37
174	54
175	3
176	44
177	47
178	8
179	59
180	7
181	34
182	53
183	60
184	16
185	59
186	40
187	8
188	51
189	8
190	1
191	18
192	16
193	29
194	18
195	57
196	31
197	3
198	29
199	21
200	52
201	40
202	7
203	22
204	61
205	62
206	47
207	62
208	63
209	53
210	40
211	7
212	47
213	53
214	22
215	36
216	61
217	27
218	3
219	18
220	44
221	52
222	61
223	53
224	45
225	61
226	50
227	15
228	12
229	38
230	3
231	40
232	18
233	40
234	2
235	53
236	52
237	18
238	8
239	34
240	51
241	13
242	52
243	53
244	26
245	64
246	51
247	57
248	1
249	3
250	11
251	65
252	2
253	1
254	3
255	3
256	61
257	19
258	7
259	14
260	1
261	29
262	61
263	30
264	22
265	62
266	23
267	1
268	31
269	53
270	42
271	8
272	40
273	4
274	15
275	18
276	1
277	15
278	19
279	52
280	18
281	36
282	30
283	22
284	16
285	20
286	19
287	45
288	18
289	15
290	40
291	44
292	30
293	20
294	34
295	21
296	25
297	5
298	58
299	61
300	56
301	8
302	41
303	3
304	8
305	1
306	8
307	61
308	18
309	51
310	34
311	23
312	46
313	57
314	53
315	23
316	11
317	32
318	22
319	30
320	30
321	40
322	53
323	61
324	29
325	37
326	2
327	20
328	24
329	43
330	38
331	39
332	40
333	5
334	5
335	35
336	18
337	22
338	66
339	3
340	56
341	21
342	31
343	25
344	67
345	23
346	53
347	31
348	11
349	53
350	25
351	27
352	46
353	31
354	22
355	54
356	3
357	3
358	49
359	51
360	61
361	53
362	61
363	14
364	68
365	22
366	18
367	51
368	33
369	12
370	20
371	26
372	28
373	22
374	56
375	24
376	22
377	6
378	56
379	38
380	1
381	26
382	55
383	13
384	16
385	51
386	31
387	1
388	30
389	40
390	22
391	64
392	38
393	69
394	61
395	31
396	44
397	31
398	51
399	40
400	21
401	8
402	9
403	51
404	26
405	40
406	7
407	14
408	13
409	51
410	22
411	34
412	41
413	34
414	51
415	59
416	40
417	53
418	12
419	29
420	65
421	8
422	43
423	7
424	58
425	18
426	2
427	31
428	8
429	31
430	18
431	22
432	66
433	61
434	29
435	7
436	40
437	40
438	40
439	25
440	39
441	6
442	44
443	40
444	59
445	26
446	2
447	30
448	18
449	48
450	20
451	39
452	8
453	43
454	24
455	48
456	24
457	36
458	62
459	62
460	8
461	36
462	48
463	31
464	11
465	8
466	50
467	38
468	27
469	47
470	48
471	1
472	42
473	48
474	61
475	12
476	34
477	1
478	47
479	1
480	8
481	46
482	22
483	17
484	26
485	22
486	21
487	3
488	7
489	31
490	45
491	3
492	30
493	7
494	22
495	57
496	29
497	31
498	31
499	16
500	44
501	7
502	35
503	18
504	70
505	45
506	61
507	31
508	43
509	29
510	23
511	13
512	52
513	40
514	65
515	52
516	42
517	22
518	39
519	42
520	42
521	51
522	14
523	22
524	64
525	1
526	42
527	28
528	27
529	52
530	48
531	71
532	3
533	28
534	1
535	9
536	14
537	34
538	17
539	8
540	19
541	42
542	3
543	30
544	3
545	48
546	21
547	42
548	28
549	22
550	18
551	16
552	61
553	44
554	22
555	31
556	22
557	42
558	18
559	4
560	14
561	42
562	13
563	8
564	48
565	29
566	22
567	3
568	53
569	53
570	13
571	13
572	2
573	22
574	13
575	18
576	22
577	8
578	44
579	22
580	16
581	11
582	37
583	32
584	13
585	53
586	34
587	40
588	48
589	22
590	8
591	31
592	53
593	2
594	61
595	32
596	18
597	52
598	42
599	22
600	47
601	61
602	51
603	36
604	4
605	49
606	48
607	42
608	44
609	12
610	42
611	13
612	18
613	2
614	13
615	15
616	28
617	26
618	56
619	5
620	33
621	27
622	4
623	40
624	28
625	3
626	17
627	22
628	19
629	23
630	61
631	34
632	42
633	33
634	61
635	48
636	71
637	42
638	52
639	8
640	22
641	13
642	42
643	71
644	31
645	2
646	12
647	25
648	9
649	27
650	31
651	13
652	72
653	2
654	27
655	40
656	51
657	2
658	42
659	47
660	7
661	58
662	31
663	22
664	49
665	17
666	31
667	53
668	22
669	15
670	13
671	51
672	45
673	1
674	42
675	2
676	38
677	42
678	37
679	8
680	6
681	29
682	59
683	2
684	2
685	51
686	2
687	22
688	38
689	5
690	42
691	10
692	22
693	14
694	61
695	48
696	15
697	51
698	57
699	37
700	31
701	15
702	2
703	28
704	18
705	14
706	40
707	38
708	2
709	13
710	61
711	35
712	18
713	14
714	20
715	51
716	11
717	59
718	38
719	38
720	2
721	42
722	11
723	16
724	42
725	40
726	8
727	40
728	51
729	33
730	20
731	2
732	71
733	53
734	40
735	14
736	22
737	31
738	73
739	18
740	13
741	29
742	40
743	35
744	61
745	8
746	42
747	22
748	51
749	2
750	37
751	40
752	31
753	48
754	27
755	56
756	2
757	17
758	8
759	2
760	27
761	42
762	14
763	46
764	48
765	48
766	50
767	22
768	15
769	38
770	46
771	57
772	61
773	38
774	51
775	13
776	47
777	58
778	27
779	40
780	47
781	2
782	38
783	51
784	38
785	14
786	2
787	70
788	14
789	64
790	47
791	28
792	40
793	2
794	13
795	29
796	2
797	22
798	14
799	2
800	56
801	2
802	15
803	22
804	5
805	20
806	7
807	13
808	2
809	7
810	7
811	51
812	33
813	2
814	31
815	47
816	7
817	23
818	1
819	18
820	14
821	45
822	38
823	18
824	31
825	43
826	11
827	64
828	38
829	47
830	42
831	14
832	60
833	23
834	42
835	13
836	2
837	51
838	22
839	72
840	22
841	29
842	13
843	38
844	35
845	31
846	15
847	30
848	23
849	61
850	40
851	18
852	18
853	14
854	51
855	8
856	1
857	51
858	51
859	38
860	30
861	51
862	32
863	18
864	2
865	29
866	14
867	31
868	52
869	12
870	39
871	51
872	56
873	2
874	42
875	22
876	38
877	18
878	14
879	40
880	38
881	1
882	13
883	2
884	12
885	38
886	47
887	42
888	51
889	16
890	40
891	51
892	48
893	48
894	8
895	48
896	32
897	73
898	2
899	38
900	2
901	61
902	2
903	47
904	2
905	51
906	38
907	46
908	41
909	42
910	8
911	40
912	2
913	40
914	46
915	3
916	19
917	22
918	30
919	27
920	48
921	47
922	3
923	40
924	47
925	42
926	51
927	45
928	7
929	42
930	11
931	49
932	26
933	43
934	2
935	51
936	7
937	52
938	29
939	42
940	13
941	73
942	26
943	13
944	42
945	38
946	70
947	51
948	38
949	51
950	40
951	61
952	32
953	30
954	44
955	51
956	34
957	51
958	22
959	8
960	15
961	47
962	29
963	38
964	51
965	57
966	47
967	31
968	7
969	37
970	8
971	2
972	22
973	51
974	38
975	57
976	42
977	8
978	22
979	7
980	47
981	22
982	22
983	22
984	22
985	33
986	53
987	42
988	27
989	17
990	34
991	8
992	46
993	16
994	51
995	3
996	13
997	22
998	17
999	16
1000	13
1001	51
1002	45
1003	42
1004	42
1005	2
1006	34
1007	15
1008	62
1009	29
1010	40
1011	14
1012	38
1013	40
1014	40
1015	38
1016	31
1017	8
1018	34
1019	7
1020	67
1021	33
1022	53
1023	43
1024	48
1025	33
1026	2
1027	15
1028	41
1029	23
1030	14
1031	68
1032	47
1033	52
1034	64
1035	34
1036	13
1037	43
1038	2
1039	36
1040	8
1041	64
1042	34
1043	40
1044	18
1045	52
1046	40
1047	53
1048	40
1049	44
1050	15
1051	7
1052	52
1053	3
1054	13
1055	18
1056	47
1057	52
1058	40
1059	52
1060	59
1061	7
1062	25
1063	8
1064	42
1065	29
1066	22
1067	8
1068	13
1069	52
1070	40
1071	51
1072	14
1073	7
1074	14
1075	52
1076	36
1077	52
1078	12
1079	1
1080	16
1081	40
1082	51
1083	38
1084	47
1085	38
1086	8
1087	42
1088	43
1089	34
1090	8
1091	27
1092	40
1093	2
1094	38
1095	38
1096	9
1097	51
1098	42
1099	47
1100	51
1101	22
1102	39
1103	40
1104	42
1105	13
1106	7
1107	51
1108	66
1109	8
1110	20
1111	22
1112	14
1113	2
1114	8
1115	47
1116	47
1117	47
1118	51
1119	14
1120	40
1121	42
1122	7
1123	40
1124	8
1125	1
1126	1
1127	1
1128	7
1129	22
1130	2
1131	51
1132	7
1133	16
1134	29
1135	47
1136	53
1137	40
1138	48
1139	40
1140	1
1141	38
1142	25
1143	70
1144	22
1145	8
1146	53
1147	53
1148	8
1149	42
1150	13
1151	8
1152	5
1153	18
1154	15
1155	27
1156	8
1157	2
1158	21
1159	10
1160	52
1161	52
1162	51
1163	22
1164	7
1165	32
1166	1
1167	15
1168	42
1169	5
1170	38
1171	47
1172	46
1173	59
1174	38
1175	67
1176	42
1177	6
1178	25
1179	53
1180	47
1181	15
1182	59
1183	47
1184	1
1185	1
1186	71
1187	26
1188	38
1189	20
1190	23
1191	15
1192	38
1193	42
1194	8
1195	14
1196	14
1197	72
1198	22
1199	40
1200	1
1201	47
1202	7
1203	51
1204	51
1205	40
1206	51
1207	2
1208	40
1209	1
1210	61
1211	51
1212	42
1213	63
1214	59
1215	46
1216	57
1217	52
1218	51
1219	51
1220	1
1221	61
1222	53
1223	61
1224	7
1225	47
1226	8
1227	47
1228	47
1229	40
1230	8
1231	15
1232	53
1233	63
1234	22
1235	22
1236	20
1237	51
1238	17
1239	59
1240	40
1241	1
1242	67
1243	42
1244	3
1245	51
1246	40
1247	51
1248	8
1249	7
1250	40
1251	47
1252	52
1253	38
1254	51
1255	52
1256	1
1257	58
1258	47
1259	40
1260	47
1261	47
1262	46
1263	1
1264	30
1265	56
1266	9
1267	27
1268	38
1269	22
1270	49
1271	24
1272	2
1273	40
1274	40
1275	2
1276	2
1277	57
1278	61
1279	30
1280	1
1281	47
1282	16
1283	15
1284	1
1285	9
1286	27
1287	47
1288	59
1289	40
1290	47
1291	18
1292	51
1293	45
1294	51
1295	34
1296	11
1297	53
1298	61
1299	22
1300	40
1301	2
1302	42
1303	14
1304	3
1305	61
1306	52
1307	53
1308	51
1309	61
1310	11
1311	18
1312	18
1313	45
1314	1
1315	34
1316	30
1317	40
1318	18
1319	40
1320	3
1321	51
1322	1
1323	53
1324	57
1325	8
1326	53
1327	30
1328	49
1329	25
1330	38
1331	40
1332	15
1333	8
1334	18
1335	39
1336	51
1337	3
1338	22
1339	36
1340	53
1341	74
1342	13
1343	51
1344	14
1345	40
1346	8
1347	70
1348	54
1349	38
1350	39
1351	3
1352	22
1353	38
1354	9
1355	22
1356	2
1357	2
1358	47
1359	8
1360	21
1361	2
1362	12
1363	32
1364	66
1365	52
1366	45
1367	14
1368	47
1369	52
1370	2
1371	61
1372	34
1373	55
1374	32
1375	1
1376	8
1377	18
1378	38
1379	1
1380	47
1381	1
1382	40
1383	60
1384	1
1385	1
1386	61
1387	18
1388	53
1389	3
1390	14
1391	44
1392	38
1393	51
1394	1
1395	40
1396	7
1397	44
1398	66
1399	28
1400	18
1401	40
1402	47
1403	45
1404	18
1405	20
1406	22
1407	1
1408	23
1409	42
1410	18
1411	40
1412	25
1413	52
1414	2
1415	18
1416	47
1417	52
1418	3
1419	61
1420	56
1421	12
1422	34
1423	34
1424	51
1425	20
1426	41
1427	18
1428	7
1429	51
1430	73
1431	47
1432	40
1433	51
1434	53
1435	42
1436	40
1437	26
1438	40
1439	40
1440	30
1441	73
1442	1
1443	1
1444	22
1445	20
1446	29
1447	8
1448	1
1449	44
1450	1
1451	31
1452	51
1453	8
1454	38
1455	18
1456	56
1457	1
1458	47
1459	71
1460	18
1461	53
1462	61
1463	48
1464	47
1465	40
1466	31
1467	8
1468	40
1469	1
1470	38
1471	36
1472	31
1473	12
1474	30
1475	38
1476	45
1477	1
1478	38
1479	51
1480	22
1481	48
1482	51
1483	8
1484	40
1485	38
1486	29
1487	10
1488	39
1489	11
1490	2
1491	51
1492	8
1493	18
1494	16
1495	1
1496	2
1497	74
1498	29
1499	48
1500	61
1501	1
1502	8
1503	1
1504	31
1505	31
1506	18
1507	8
1508	51
1509	18
1510	59
1511	1
1512	31
1513	16
1514	1
1515	44
1516	22
1517	1
1518	1
1519	1
1520	2
1521	31
1522	5
1523	42
1524	1
1525	31
1526	74
1527	31
1528	1
1529	31
1530	38
1531	26
1532	40
1533	62
1534	40
1535	7
1536	44
1537	18
1538	36
1539	8
1540	47
1541	40
1542	8
1543	32
1544	51
1545	46
1546	40
1547	11
1548	51
1549	40
1550	8
1551	13
1552	18
1553	16
1554	51
1555	13
1556	18
1557	1
1558	31
1559	13
1560	51
1561	8
1562	1
1563	31
1564	31
1565	51
1566	44
1567	2
1568	18
1569	31
1570	40
1571	59
1572	13
1573	23
1574	18
1575	1
1576	1
1577	51
1578	20
1579	40
1580	40
1581	31
1582	27
1583	40
1584	40
1585	31
1586	1
1587	40
1588	18
1589	29
1590	18
1591	18
1592	2
1593	13
1594	61
1595	13
1596	33
1597	31
1598	29
1599	51
1600	1
1601	1
1602	8
1603	18
1604	40
1605	37
1606	13
1607	23
1608	8
1609	13
1610	22
1611	28
1612	8
1613	51
1614	23
1615	1
1616	51
1617	27
1618	51
1619	8
1620	61
1621	42
1622	51
1623	13
1624	56
1625	13
1626	34
1627	18
1628	1
1629	27
1630	2
1631	29
1632	8
1633	13
1634	26
1635	40
1636	56
1637	2
1638	31
1639	8
1640	3
1641	1
1642	31
1643	38
1644	1
1645	2
1646	8
1647	13
1648	2
1649	2
1650	8
1651	18
1652	3
1653	31
1654	61
1655	1
1656	8
1657	51
1658	1
1659	40
1660	27
1661	18
1662	13
1663	33
1664	2
1665	8
1666	13
1667	38
1668	42
1669	15
1670	1
1671	10
1672	31
1673	22
1674	61
1675	1
1676	31
1677	42
1678	21
1679	8
1680	51
1681	13
1682	13
1683	18
1684	31
1685	8
1686	1
1687	63
1688	2
1689	51
1690	18
1691	40
1692	49
1693	31
1694	40
1695	8
1696	18
1697	13
1698	13
1699	46
1700	40
1701	51
1702	14
1703	2
1704	61
1705	29
1706	51
1707	31
1708	51
1709	47
1710	11
1711	14
1712	57
1713	13
1714	13
1715	44
1716	3
1717	18
1718	66
1719	3
1720	18
1721	66
1722	2
1723	18
1724	40
1725	8
1726	51
1727	17
1728	40
1729	1
1730	36
1731	2
1732	47
1733	1
1734	45
1735	40
1736	37
1737	40
1738	52
1739	14
1740	49
1741	51
1742	15
1743	40
1744	51
1745	1
1746	51
1747	29
1748	38
1749	40
1750	14
1751	8
1752	60
1753	14
1754	38
1755	61
1756	72
1757	31
1758	40
1759	12
1760	31
1761	51
1762	47
1763	31
1764	19
1765	8
1766	29
1767	61
1768	40
1769	47
1770	31
1771	52
1772	23
1773	51
1774	47
1775	40
1776	8
1777	40
1778	48
1779	18
1780	18
1781	8
1782	18
1783	1
1784	9
1785	9
1786	51
1787	21
1788	42
1789	51
1790	59
1791	20
1792	8
1793	31
1794	31
1795	8
1796	51
1797	18
1798	8
1799	7
1800	47
1801	18
1802	44
1803	57
1804	16
1805	13
1806	1
1807	31
1808	18
1809	8
1810	21
1811	8
1812	7
1813	1
1814	7
1815	1
1816	40
1817	14
1818	31
1819	56
1820	13
1821	8
1822	51
1823	8
1824	7
1825	22
1826	57
1827	57
1828	31
1829	13
1830	27
1831	51
1832	1
1833	70
1834	51
1835	63
1836	61
1837	1
1838	18
1839	18
1840	1
1841	14
1842	36
1843	40
1844	8
1845	39
1846	31
1847	60
1848	14
1849	45
1850	8
1851	30
1852	8
1853	51
1854	51
1855	47
1856	14
1857	39
1858	18
1859	18
1860	40
1861	30
1862	47
1863	24
1864	47
1865	27
1866	51
1867	7
1868	61
1869	14
1870	1
1871	1
1872	51
1873	30
1874	14
1875	7
1876	1
1877	69
1878	43
1879	51
1880	30
1881	18
1882	38
1883	51
1884	30
1885	8
1886	1
1887	20
1888	51
1889	40
1890	13
1891	26
1892	62
1893	42
1894	30
1895	7
1896	46
1897	31
1898	20
1899	45
1900	14
1901	39
1902	31
1903	47
1904	40
1905	51
1906	51
1907	8
1908	18
1909	56
1910	21
1911	7
1912	7
1913	71
1914	14
1915	45
1916	40
1917	57
1918	57
1919	1
1920	18
1921	33
1922	68
1923	8
1924	32
1925	8
1926	14
1927	31
1928	45
1929	21
1930	18
1931	15
1932	37
1933	8
1934	7
1935	1
1936	51
1937	18
1938	44
1939	8
1940	66
1941	18
1942	18
1943	2
1944	7
1945	55
1946	1
1947	51
1948	18
1949	31
1950	31
1951	38
1952	22
1953	13
1954	1
1955	26
1956	18
1957	38
1958	31
1959	12
1960	40
1961	13
1962	2
1963	18
1964	51
1965	13
1966	18
1967	8
1968	35
1969	2
1970	22
1971	1
1972	40
1973	31
1974	59
1975	18
1976	34
1977	40
1978	43
1979	1
1980	8
1981	18
1982	39
1983	40
1984	40
1985	1
1986	7
1987	20
1988	51
1989	61
1990	31
1991	8
1992	1
1993	31
1994	40
1995	2
1996	31
1997	51
1998	65
1999	40
2000	35
2001	27
2002	17
2003	2
2004	1
2005	48
2006	1
2007	64
2008	20
2009	22
2010	1
2011	32
2012	53
2013	51
2014	31
2015	1
2016	7
2017	1
2018	17
2019	48
2020	27
2021	3
2022	51
2023	12
2024	18
2025	44
2026	31
2027	58
2028	27
2029	31
2030	51
2031	31
2032	8
2033	8
2034	36
2035	22
2036	45
2037	42
2038	18
2039	18
2040	22
2041	26
2042	27
2043	13
2044	47
2045	27
2046	47
2047	20
2048	8
2049	7
2050	31
2051	51
2052	22
2053	47
2054	18
2055	16
2056	17
2057	53
2058	22
2059	53
2060	40
2061	40
2062	7
2063	31
2064	40
2065	44
2066	21
2067	27
2068	27
2069	8
2070	27
2071	53
2072	13
2073	7
2074	16
2075	31
2076	38
2077	47
2078	44
2079	47
2080	52
2081	14
2082	38
2083	1
2084	8
2085	2
2086	30
2087	31
2088	8
2089	64
2090	3
2091	31
2092	18
2093	13
2094	15
2095	16
2096	52
2097	22
2098	48
2099	25
2100	52
2101	14
2102	25
2103	18
2104	22
2105	31
2106	26
2107	7
2108	17
2109	14
2110	31
2111	2
2112	22
2113	7
2114	51
2115	47
2116	44
2117	33
2118	1
2119	22
2120	28
2121	27
2122	11
2123	67
2124	7
2125	18
2126	26
2127	14
2128	33
2129	12
2130	1
2131	31
2132	14
2133	52
2134	53
2135	7
2136	1
2137	40
2138	13
2139	34
2140	2
2141	8
2142	56
2143	8
2144	56
2145	42
2146	8
2147	29
2148	40
2149	34
2150	40
2151	13
2152	31
2153	22
2154	22
2155	26
2156	1
2157	66
2158	17
2159	11
2160	52
2161	18
2162	25
2163	18
2164	31
2165	8
2166	15
2167	33
2168	22
2169	52
2170	47
2171	2
2172	1
2173	42
2174	29
2175	56
2176	27
2177	39
2178	26
2179	22
2180	52
2181	40
2182	34
2183	33
2184	51
2185	52
2186	8
2187	57
2188	57
2189	18
2190	61
2191	30
2192	40
2193	18
2194	71
2195	53
2196	38
2197	1
2198	57
2199	31
2200	22
2201	39
2202	8
2203	49
2204	22
2205	1
2206	56
2207	37
2208	9
2209	66
2210	15
2211	17
2212	27
2213	31
2214	20
2215	74
2216	56
2217	1
2218	35
2219	61
2220	31
2221	40
2222	40
2223	22
2224	49
2225	51
2226	18
2227	40
2228	22
2229	31
2230	58
2231	3
2232	40
2233	7
2234	52
2235	13
2236	24
2237	34
2238	57
2239	1
2240	13
2241	40
2242	18
2243	37
2244	31
2245	56
2246	8
2247	1
2248	34
2249	13
2250	26
2251	40
2252	8
2253	50
2254	63
2255	24
2256	1
2257	51
2258	1
2259	31
2260	3
2261	69
2262	18
2263	52
2264	62
2265	40
2266	40
2267	17
2268	22
2269	7
2270	14
2271	47
2272	18
2273	40
2274	53
2275	53
2276	31
2277	1
2278	31
2279	40
2280	60
2281	37
2282	1
2283	1
2284	31
2285	51
2286	14
2287	61
2288	1
2289	5
2290	1
2291	40
2292	25
2293	51
2294	1
2295	47
2296	34
2297	64
2298	31
2299	5
2300	59
2301	14
2302	48
2303	68
2304	30
2305	52
2306	53
2307	57
2308	8
2309	8
2310	53
2311	14
2312	61
2313	34
2314	73
2315	30
2316	7
2317	3
2318	8
2319	3
2320	46
2321	45
2322	3
2323	13
2324	21
2325	7
2326	58
2327	13
2328	40
2329	5
2330	13
2331	7
2332	40
2333	22
2334	18
2335	20
2336	61
2337	3
2338	51
2339	40
2340	43
2341	49
2342	44
2343	3
2344	34
2345	14
2346	57
2347	14
2348	14
2349	20
2350	53
2351	25
2352	7
2353	20
2354	20
2355	21
2356	53
2357	51
2358	53
2359	22
2360	32
2361	31
2362	40
2363	56
2364	22
2365	14
2366	63
2367	40
2368	34
2369	7
2370	31
2371	8
2372	12
2373	21
2374	40
2375	23
2376	30
2377	40
2378	38
2379	40
2380	8
2381	61
2382	2
2383	12
2384	20
2385	40
2386	34
2387	52
2388	40
2389	30
2390	72
2391	18
2392	7
2393	1
2394	31
2395	44
2396	40
2397	18
2398	45
2399	40
2400	32
2401	52
2402	10
2403	3
2404	47
2405	55
2406	61
2407	1
2408	44
2409	11
2410	52
2411	40
2412	3
2413	61
2414	18
2415	45
2416	30
2417	32
2418	18
2419	20
2420	56
2421	37
2422	52
2423	19
2424	5
2425	56
2426	3
2427	26
2428	73
2429	22
2430	50
2431	22
2432	56
2433	52
2434	51
2435	1
2436	1
2437	14
2438	34
2439	7
2440	23
2441	25
2442	39
2443	52
2444	1
2445	32
2446	66
2447	40
2448	43
2449	11
2450	53
2451	3
2452	40
2453	26
2454	30
2455	12
2456	52
2457	8
2458	40
2459	32
2460	61
2461	48
2462	20
2463	11
2464	1
2465	14
2466	73
2467	52
2468	3
2469	29
2470	41
2471	32
2472	7
2473	22
2474	43
2475	61
2476	56
2477	61
2478	40
2479	26
2480	26
2481	40
2482	46
2483	31
2484	28
2485	30
2486	3
2487	22
2488	15
2489	48
2490	22
2491	30
2492	3
2493	47
2494	65
2495	45
2496	17
2497	44
2498	29
2499	37
2500	46
2501	27
2502	61
2503	17
2504	36
2505	45
2506	40
2507	51
2508	40
2509	46
2510	31
2511	29
2512	27
2513	16
2514	4
2515	36
2516	40
2517	8
2518	40
2519	49
2520	12
2521	40
2522	16
2523	40
2524	29
2525	40
2526	26
2527	9
2528	34
2529	33
2530	17
2531	66
2532	18
2533	22
2534	26
2535	17
2536	44
2537	51
2538	42
2539	67
2540	18
2541	27
2542	42
2543	12
2544	30
2545	43
2546	42
2547	39
2548	42
2549	32
2550	40
2551	32
2552	40
2553	33
2554	44
2555	31
2556	12
2557	41
2558	39
2559	42
2560	9
2561	3
2562	29
2563	23
2564	40
2565	48
2566	52
2567	31
2568	15
2569	57
2570	43
2571	13
2572	13
2573	18
2574	7
2575	3
2576	29
2577	53
2578	11
2579	44
2580	17
2581	26
2582	44
2583	31
2584	42
2585	57
2586	27
2587	42
2588	22
2589	59
2590	22
2591	73
2592	26
2593	61
2594	26
2595	34
2596	42
2597	40
2598	29
2599	52
2600	42
2601	2
2602	73
2603	27
2604	18
2605	1
2606	1
2607	18
2608	52
2609	46
2610	23
2611	40
2612	18
2613	31
2614	22
2615	5
2616	16
2617	31
2618	18
2619	11
2620	16
2621	32
2622	43
2623	12
2624	42
2625	42
2626	53
2627	2
2628	13
2629	27
2630	40
2631	8
2632	26
2633	9
2634	59
2635	27
2636	42
2637	2
2638	40
2639	22
2640	12
2641	39
2642	4
2643	18
2644	27
2645	40
2646	40
2647	18
2648	17
2649	18
2650	13
2651	32
2652	38
2653	51
2654	33
2655	31
2656	4
2657	22
2658	27
2659	5
2660	48
2661	7
2662	2
2663	40
2664	16
2665	62
2666	40
2667	13
2668	18
2669	6
2670	31
2671	25
2672	27
2673	68
2674	44
2675	8
2676	55
2677	42
2678	48
2679	43
2680	13
2681	2
2682	48
2683	67
2684	48
2685	13
2686	53
2687	2
2688	13
2689	40
2690	11
2691	2
2692	42
2693	15
2694	72
2695	13
2696	13
2697	31
2698	2
2699	61
2700	15
2701	48
2702	27
2703	22
2704	40
2705	34
2706	42
2707	40
2708	18
2709	37
2710	40
2711	46
2712	40
2713	47
2714	1
2715	22
2716	2
2717	2
2718	34
2719	73
2720	40
2721	2
2722	63
2723	14
2724	51
2725	29
2726	40
2727	24
2728	24
2729	38
2730	22
2731	25
2732	40
2733	56
2734	66
2735	2
2736	8
2737	40
2738	31
2739	72
2740	40
2741	3
2742	51
2743	40
2744	38
2745	38
2746	22
2747	38
2748	51
2749	13
2750	51
2751	29
2752	36
2753	41
2754	51
2755	15
2756	53
2757	34
2758	64
2759	14
2760	48
2761	38
2762	24
2763	22
2764	46
2765	42
2766	40
2767	2
2768	22
2769	18
2770	25
2771	51
2772	51
2773	22
2774	25
2775	38
2776	42
2777	14
2778	14
2779	40
2780	18
2781	2
2782	64
2783	74
2784	1
2785	38
2786	3
2787	27
2788	13
2789	51
2790	58
2791	38
2792	38
2793	51
2794	49
2795	22
2796	14
2797	22
2798	40
2799	42
2800	2
2801	12
2802	22
2803	13
2804	51
2805	14
2806	31
2807	73
2808	38
2809	22
2810	14
2811	46
2812	40
2813	11
2814	7
2815	22
2816	13
2817	11
2818	13
2819	51
2820	22
2821	42
2822	40
2823	22
2824	3
2825	7
2826	40
2827	51
2828	14
2829	38
2830	11
2831	51
2832	40
2833	51
2834	40
2835	29
2836	13
2837	74
2838	29
2839	1
2840	40
2841	38
2842	27
2843	63
2844	43
2845	20
2846	61
2847	7
2848	47
2849	51
2850	47
2851	40
2852	42
2853	22
2854	7
2855	73
2856	48
2857	40
2858	20
2859	29
2860	42
2861	52
2862	42
2863	7
2864	47
2865	7
2866	18
2867	65
2868	61
2869	48
2870	51
2871	15
2872	14
2873	51
2874	39
2875	1
2876	40
2877	22
2878	14
2879	2
2880	63
2881	13
2882	13
2883	13
2884	45
2885	7
2886	2
2887	47
2888	40
2889	42
2890	38
2891	61
2892	53
2893	2
2894	51
2895	2
2896	57
2897	23
2898	45
2899	14
2900	69
2901	11
2902	40
2903	42
2904	8
2905	7
2906	51
2907	1
2908	21
2909	2
2910	8
2911	11
2912	26
2913	42
2914	44
2915	34
2916	12
2917	2
2918	40
2919	29
2920	51
2921	47
2922	13
2923	38
2924	42
2925	38
2926	44
2927	48
2928	2
2929	2
2930	44
2931	46
2932	16
2933	7
2934	42
2935	39
2936	65
2937	52
2938	2
2939	42
2940	51
2941	42
2942	51
2943	51
2944	47
2945	30
2946	30
2947	44
2948	51
2949	42
2950	57
2951	15
2952	51
2953	26
2954	71
2955	14
2956	14
2957	14
2958	38
2959	26
2960	14
2961	51
2962	12
2963	29
2964	40
2965	40
2966	23
2967	7
2968	48
2969	38
2970	51
2971	26
2972	30
2973	32
2974	14
2975	40
2976	32
2977	22
2978	44
2979	7
2980	46
2981	40
2982	42
2983	11
2984	13
2985	7
2986	15
2987	51
2988	2
2989	20
2990	32
2991	38
2992	47
2993	26
2994	13
2995	34
2996	51
2997	11
2998	47
2999	30
3000	63
3001	42
3002	3
3003	40
3004	18
3005	74
3006	62
3007	32
3008	47
3009	22
3010	54
3011	22
3012	51
3013	50
3014	42
3015	11
3016	40
3017	51
3018	8
3019	38
3020	38
3021	13
3022	49
3023	40
3024	44
3025	31
3026	51
3027	47
3028	39
3029	69
3030	8
3031	59
3032	39
3033	18
3034	2
3035	40
3036	32
3037	29
3038	34
3039	51
3040	53
3041	38
3042	56
3043	40
3044	40
3045	40
3046	40
3047	51
3048	47
3049	8
3050	8
3051	40
3052	13
3053	14
3054	14
3055	38
3056	40
3057	16
3058	14
3059	42
3060	45
3061	38
3062	45
3063	8
3064	40
3065	26
3066	47
3067	38
3068	52
3069	51
3070	51
3071	40
3072	48
3073	22
3074	38
3075	7
3076	36
3077	40
3078	33
3079	30
3080	69
3081	40
3082	51
3083	8
3084	8
3085	53
3086	40
3087	2
3088	2
3089	72
3090	14
3091	16
3092	44
3093	45
3094	14
3095	11
3096	53
3097	2
3098	40
3099	1
3100	1
3101	13
3102	53
3103	12
3104	8
3105	20
3106	1
3107	31
3108	51
3109	47
3110	18
3111	1
3112	1
3113	33
3114	33
3115	18
3116	31
3117	7
3118	67
3119	7
3120	42
3121	51
3122	1
3123	8
3124	42
3125	51
3126	51
3127	8
3128	51
3129	40
3130	51
3131	14
3132	16
3133	1
3134	8
3135	23
3136	14
3137	51
3138	38
3139	1
3140	47
3141	51
3142	60
3143	51
3144	1
3145	27
3146	7
3147	74
3148	52
3149	40
3150	28
3151	51
3152	1
3153	1
3154	38
3155	1
3156	40
3157	1
3158	8
3159	39
3160	66
3161	18
3162	47
3163	51
3164	47
3165	47
3166	64
3167	51
3168	14
3169	71
3170	53
3171	47
3172	8
3173	34
3174	40
3175	8
3176	56
3177	40
3178	8
3179	7
3180	1
3181	8
3182	38
3183	31
3184	53
3185	40
3186	1
3187	42
3188	1
3189	38
3190	40
3191	48
3192	47
3193	51
3194	47
3195	1
3196	68
3197	27
3198	8
3199	19
3200	13
3201	53
3202	8
3203	8
3204	51
3205	22
3206	51
3207	8
3208	29
3209	40
3210	42
3211	31
3212	51
3213	8
3214	2
3215	40
3216	16
3217	2
3218	52
3219	13
3220	51
3221	53
3222	69
3223	40
3224	49
3225	8
3226	42
3227	51
3228	58
3229	25
3230	1
3231	2
3232	73
3233	8
3234	53
3235	7
3236	26
3237	38
3238	47
3239	40
3240	47
3241	27
3242	62
3243	38
3244	40
3245	51
3246	3
3247	42
3248	42
3249	40
3250	8
3251	51
3252	73
3253	39
3254	1
3255	22
3256	73
3257	1
3258	14
3259	7
3260	8
3261	59
3262	61
3263	29
3264	16
3265	1
3266	38
3267	49
3268	40
3269	1
3270	7
3271	58
3272	34
3273	2
3274	1
3275	22
3276	49
3277	38
3278	2
3279	8
3280	17
3281	8
3282	1
3283	38
3284	8
3285	32
3286	47
3287	2
3288	15
3289	3
3290	51
3291	40
3292	51
3293	40
3294	8
3295	38
3296	14
3297	51
3298	13
3299	7
3300	33
3301	7
3302	53
3303	51
3304	51
3305	52
3306	40
3307	66
3308	2
3309	61
3310	1
3311	1
3312	30
3313	42
3314	59
3315	40
3316	40
3317	21
3318	1
3319	2
3320	53
3321	1
3322	49
3323	51
3324	40
3325	8
3326	8
3327	51
3328	7
3329	18
3330	40
3331	8
3332	18
3333	53
3334	8
3335	73
3336	18
3337	37
3338	49
3339	8
3340	61
3341	1
3342	8
3343	40
3344	18
3345	51
3346	28
3347	38
3348	51
3349	3
3350	8
3351	55
3352	16
3353	45
3354	18
3355	7
3356	18
3357	8
3358	36
3359	2
3360	40
3361	47
3362	37
3363	42
3364	8
3365	40
3366	40
3367	40
3368	51
3369	25
3370	43
3371	18
3372	36
3373	47
3374	17
3375	42
3376	9
3377	8
3378	21
3379	18
3380	8
3381	1
3382	61
3383	68
3384	18
3385	37
3386	8
3387	8
3388	25
3389	8
3390	56
3391	2
3392	51
3393	70
3394	8
3395	11
3396	9
3397	2
3398	42
3399	39
3400	46
3401	25
3402	32
3403	1
3404	32
3405	1
3406	1
3407	33
3408	1
3409	45
3410	32
3411	47
3412	15
3413	42
3414	16
3415	44
3416	61
3417	40
3418	34
3419	40
3420	1
3421	5
3422	18
3423	51
3424	53
3425	18
3426	52
3427	3
3428	42
3429	56
3430	8
3431	52
3432	19
3433	18
3434	51
3435	20
3436	8
3437	1
3438	8
3439	18
3440	50
3441	32
3442	47
3443	61
3444	38
3445	8
3446	3
3447	5
3448	2
3449	8
3450	1
3451	18
3452	12
3453	37
3454	42
3455	1
3456	18
3457	27
3458	37
3459	34
3460	22
3461	40
3462	8
3463	15
3464	1
3465	38
3466	8
3467	18
3468	8
3469	40
3470	56
3471	51
3472	52
3473	30
3474	39
3475	61
3476	40
3477	49
3478	8
3479	18
3480	40
3481	67
3482	1
3483	3
3484	29
3485	3
3486	8
3487	2
3488	18
3489	18
3490	18
3491	30
3492	40
3493	8
3494	1
3495	40
3496	28
3497	51
3498	14
3499	2
3500	40
3501	8
3502	51
3503	51
3504	18
3505	8
3506	47
3507	8
3508	22
3509	29
3510	34
3511	40
3512	47
3513	29
3514	18
3515	31
3516	38
3517	38
3518	51
3519	31
3520	8
3521	17
3522	3
3523	18
3524	51
3525	38
3526	3
3527	62
3528	53
3529	2
3530	73
3531	48
3532	1
3533	53
3534	66
3535	8
3536	58
3537	51
3538	51
3539	51
3540	27
3541	31
3542	40
3543	8
3544	2
3545	18
3546	31
3547	8
3548	8
3549	40
3550	1
3551	53
3552	31
3553	31
3554	20
3555	59
3556	31
3557	48
3558	47
3559	31
3560	1
3561	48
3562	40
3563	32
3564	38
3565	42
3566	8
3567	22
3568	18
3569	26
3570	2
3571	43
3572	2
3573	40
3574	1
3575	8
3576	40
3577	31
3578	31
3579	27
3580	40
3581	40
3582	1
3583	51
3584	8
3585	31
3586	31
3587	51
3588	1
3589	52
3590	38
3591	18
3592	8
3593	51
3594	1
3595	51
3596	53
3597	8
3598	42
3599	13
3600	1
3601	8
3602	13
3603	31
3604	51
3605	8
3606	51
3607	18
3608	40
3609	52
3610	1
3611	40
3612	31
3613	31
3614	57
3615	3
3616	44
3617	13
3618	12
3619	1
3620	21
3621	31
3622	48
3623	1
3624	7
3625	3
3626	2
3627	40
3628	2
3629	51
3630	6
3631	18
3632	1
3633	31
3634	31
3635	17
3636	13
3637	1
3638	40
3639	1
3640	31
3641	40
3642	3
3643	40
3644	43
3645	13
3646	40
3647	38
3648	31
3649	13
3650	47
3651	42
3652	3
3653	2
3654	13
3655	18
3656	51
3657	8
3658	27
3659	29
3660	13
3661	61
3662	61
3663	8
3664	31
3665	53
3666	31
3667	13
3668	51
3669	18
3670	51
3671	47
3672	49
3673	42
3674	27
3675	17
3676	23
3677	18
3678	56
3679	42
3680	18
3681	31
3682	8
3683	10
3684	1
3685	61
3686	47
3687	8
3688	18
3689	31
3690	7
3691	1
3692	42
3693	55
3694	22
3695	8
3696	1
3697	1
3698	18
3699	40
3700	1
3701	48
3702	2
3703	54
3704	31
3705	38
3706	56
3707	31
3708	18
3709	1
3710	48
3711	18
3712	2
3713	15
3714	31
3715	40
3716	44
3717	18
3718	1
3719	18
3720	37
3721	8
3722	28
3723	18
3724	40
3725	57
3726	40
3727	27
3728	31
3729	40
3730	37
3731	17
3732	18
3733	1
3734	34
3735	42
3736	31
3737	8
3738	8
3739	3
3740	8
3741	48
3742	56
3743	71
3744	8
3745	1
3746	31
3747	42
3748	61
3749	1
3750	40
3751	3
3752	31
3753	8
3754	18
3755	31
3756	27
3757	49
3758	40
3759	18
3760	18
3761	40
3762	51
3763	8
3764	42
3765	34
3766	18
3767	8
3768	55
3769	18
3770	42
3771	48
3772	33
3773	13
3774	18
3775	22
3776	8
3777	61
3778	18
3779	8
3780	1
3781	1
3782	46
3783	8
3784	51
3785	33
3786	40
3787	3
3788	21
3789	53
3790	42
3791	11
3792	36
3793	1
3794	34
3795	51
3796	14
3797	38
3798	67
3799	31
3800	1
3801	51
3802	18
3803	66
3804	42
3805	27
3806	51
3807	57
3808	51
3809	40
3810	8
3811	47
3812	1
3813	56
3814	57
3815	27
3816	1
3817	40
3818	13
3819	18
3820	31
3821	47
3822	18
3823	8
3824	47
3825	51
3826	40
3827	51
3828	18
3829	40
3830	40
3831	6
3832	1
3833	33
3834	8
3835	42
3836	31
3837	18
3838	11
3839	51
3840	59
3841	40
3842	31
3843	6
3844	40
3845	18
3846	3
3847	18
3848	40
3849	31
3850	14
3851	31
3852	36
3853	62
3854	40
3855	40
3856	37
3857	31
3858	40
3859	36
3860	48
3861	8
3862	31
3863	18
3864	45
3865	14
3866	40
3867	8
3868	35
3869	13
3870	31
3871	40
3872	23
3873	31
3874	40
3875	14
3876	31
3877	8
3878	51
3879	28
3880	1
3881	18
3882	40
3883	14
3884	1
3885	31
3886	8
3887	57
3888	20
3889	14
3890	21
3891	40
3892	51
3893	51
3894	38
3895	31
3896	14
3897	51
3898	1
3899	51
3900	51
3901	74
3902	51
3903	51
3904	63
3905	51
3906	18
3907	31
3908	1
3909	1
3910	1
3911	39
3912	32
3913	31
3914	1
3915	40
3916	31
3917	8
3918	18
3919	11
3920	11
3921	40
3922	18
3923	37
3924	61
3925	23
3926	52
3927	32
3928	18
3929	8
3930	8
3931	7
3932	27
3933	47
3934	30
3935	1
3936	18
3937	18
3938	31
3939	31
3940	13
3941	51
3942	8
3943	31
3944	52
3945	47
3946	7
3947	48
3948	31
3949	65
3950	14
3951	1
3952	1
3953	8
3954	1
3955	31
3956	46
3957	31
3958	1
3959	18
3960	15
3961	8
3962	8
3963	16
3964	40
3965	46
3966	15
3967	14
3968	63
3969	40
3970	43
3971	42
3972	40
3973	1
3974	31
3975	61
3976	18
3977	12
3978	8
3979	31
3980	40
3981	38
3982	51
3983	1
3984	61
3985	17
3986	18
3987	8
3988	51
3989	26
3990	1
3991	8
3992	40
3993	31
3994	1
3995	31
3996	73
3997	30
3998	22
3999	37
4000	18
4001	47
4002	24
4003	14
4004	31
4005	38
4006	26
4007	22
4008	8
4009	38
4010	66
4011	22
4012	13
4013	14
4014	14
4015	8
4016	51
4017	8
4018	51
4019	31
4020	38
4021	13
4022	21
4023	22
4024	40
4025	1
4026	25
4027	44
4028	8
4029	31
4030	13
4031	22
4032	31
4033	34
4034	51
4035	8
4036	72
4037	61
4038	18
4039	13
4040	1
4041	14
4042	31
4043	11
4044	31
4045	34
4046	51
4047	1
4048	51
4049	40
4050	40
4051	1
4052	42
4053	14
4054	51
4055	51
4056	51
4057	22
4058	40
4059	53
4060	68
4061	34
4062	8
4063	8
4064	29
4065	30
4066	7
4067	18
4068	47
4069	47
4070	51
4071	51
4072	1
4073	1
4074	40
4075	18
4076	40
4077	7
4078	14
4079	1
4080	7
4081	33
4082	1
4083	22
4084	8
4085	31
4086	51
4087	18
4088	31
4089	27
4090	8
4091	18
4092	1
4093	51
4094	13
4095	5
4096	18
4097	2
4098	64
4099	53
4100	38
4101	26
4102	14
4103	17
4104	38
4105	53
4106	13
4107	43
4108	34
4109	5
4110	7
4111	18
4112	34
4113	40
4114	40
4115	14
4116	40
4117	17
4118	40
4119	52
4120	27
4121	31
4122	40
4123	70
4124	18
4125	47
4126	22
4127	22
4128	22
4129	7
4130	17
4131	14
4132	33
4133	52
4134	27
4135	1
4136	8
4137	1
4138	13
4139	52
4140	8
4141	53
4142	31
4143	22
4144	31
4145	8
4146	52
4147	8
4148	1
4149	23
4150	22
4151	27
4152	22
4153	40
4154	18
4155	5
4156	13
4157	21
4158	52
4159	38
4160	37
4161	16
4162	18
4163	17
4164	40
4165	22
4166	40
4167	70
4168	29
4169	40
4170	27
4171	30
4172	1
4173	34
4174	13
4175	31
4176	42
4177	18
4178	40
4179	40
4180	28
4181	18
4182	52
4183	51
4184	14
4185	13
4186	60
4187	53
4188	13
4189	17
4190	40
4191	21
4192	8
4193	8
4194	40
4195	18
4196	12
4197	8
4198	22
4199	42
4200	38
4201	1
4202	25
4203	33
4204	40
4205	13
4206	66
4207	22
4208	18
4209	40
4210	13
4211	47
4212	40
4213	37
4214	51
4215	26
4216	7
4217	27
4218	47
4219	40
4220	52
4221	22
4222	31
4223	16
4224	15
4225	14
4226	29
4227	7
4228	68
4229	34
4230	40
4231	2
4232	28
4233	18
4234	44
4235	31
4236	30
4237	34
4238	40
4239	59
4240	40
4241	18
4242	51
4243	52
4244	61
4245	31
4246	58
4247	14
4248	44
4249	18
4250	55
4251	27
4252	53
4253	73
4254	1
4255	2
4256	22
4257	8
4258	8
4259	40
4260	1
4261	40
4262	40
4263	7
4264	40
4265	8
4266	37
4267	16
4268	60
4269	53
4270	15
4271	51
4272	40
4273	53
4274	22
4275	51
4276	7
4277	40
4278	18
4279	42
4280	72
4281	56
4282	61
4283	34
4284	51
4285	40
4286	1
4287	56
4288	49
4289	72
4290	54
4291	22
4292	40
4293	15
4294	40
4295	1
4296	40
4297	40
4298	40
4299	22
4300	27
4301	16
4302	53
4303	18
4304	18
4305	22
4306	51
4307	12
4308	61
4309	40
4310	1
4311	28
4312	22
4313	15
4314	15
4315	18
4316	51
4317	13
4318	36
4319	21
4320	52
4321	38
4322	40
4323	49
4324	31
4325	43
4326	1
4327	38
4328	21
4329	19
4330	53
4331	22
4332	15
4333	11
4334	3
4335	13
4336	53
4337	40
4338	57
4339	57
4340	31
4341	1
4342	1
4343	46
4344	31
4345	52
4346	16
4347	22
4348	31
4349	12
4350	1
4351	22
4352	31
4353	7
4354	27
4355	40
4356	52
4357	11
4358	40
4359	21
4360	52
4361	18
4362	7
4363	56
4364	3
4365	40
4366	22
4367	8
4368	1
4369	40
4370	37
4371	40
4372	1
4373	40
4374	6
4375	40
4376	22
4377	22
4378	3
4379	31
4380	36
4381	32
4382	18
4383	30
4384	18
4385	31
4386	30
4387	40
4388	38
4389	43
4390	5
4391	51
4392	22
4393	18
4394	8
4395	30
4396	31
4397	11
4398	61
4399	40
4400	32
4401	3
4402	2
4403	53
4404	53
4405	7
4406	49
4407	32
4408	28
4409	19
4410	40
4411	40
4412	15
4413	42
4414	20
4415	1
4416	23
4417	15
4418	1
4419	69
4420	29
4421	22
4422	11
4423	40
4424	22
4425	12
4426	51
4427	14
4428	40
4429	19
4430	66
4431	13
4432	40
4433	13
4434	1
4435	34
4436	8
4437	18
4438	40
4439	55
4440	34
4441	45
4442	18
4443	52
4444	15
4445	26
4446	3
4447	54
4448	13
4449	61
4450	30
4451	27
4452	40
4453	49
4454	37
4455	34
4456	1
4457	40
4458	58
4459	22
4460	31
4461	12
4462	22
4463	22
4464	15
4465	14
4466	38
4467	27
4468	74
4469	53
4470	30
4471	42
4472	53
4473	40
4474	65
4475	61
4476	22
4477	8
4478	26
4479	3
4480	58
4481	40
4482	45
4483	34
4484	52
4485	68
4486	8
4487	51
4488	53
4489	31
4490	39
4491	19
4492	39
4493	40
4494	40
4495	3
4496	22
4497	3
4498	22
4499	52
4500	43
4501	40
4502	29
4503	11
4504	22
4505	3
4506	8
4507	59
4508	13
4509	22
4510	63
4511	34
4512	40
4513	7
4514	3
4515	58
4516	40
4517	7
4518	45
4519	20
4520	40
4521	55
4522	18
4523	48
4524	53
4525	1
4526	59
4527	26
4528	10
4529	31
4530	61
4531	18
4532	62
4533	39
4534	53
4535	20
4536	31
4537	20
4538	61
4539	40
4540	48
4541	17
4542	74
4543	18
4544	27
4545	8
4546	31
4547	21
4548	12
4549	44
4550	10
4551	44
4552	52
4553	44
4554	42
4555	36
4556	57
4557	40
4558	44
4559	36
4560	8
4561	44
4562	38
4563	52
4564	32
4565	48
4566	40
4567	52
4568	31
4569	36
4570	32
4571	42
4572	42
4573	29
4574	30
4575	37
4576	1
4577	18
4578	35
4579	40
4580	52
4581	38
4582	43
4583	8
4584	44
4585	42
4586	52
4587	20
4588	36
4589	5
4590	27
4591	6
4592	6
4593	17
4594	53
4595	32
4596	73
4597	14
4598	47
4599	57
4600	17
4601	5
4602	52
4603	30
4604	31
4605	27
4606	40
4607	1
4608	40
4609	14
4610	13
4611	8
4612	18
4613	22
4614	42
4615	44
4616	18
4617	70
4618	16
4619	40
4620	32
4621	37
4622	40
4623	42
4624	17
4625	22
4626	22
4627	38
4628	17
4629	58
4630	45
4631	45
4632	55
4633	5
4634	64
4635	13
4636	31
4637	40
4638	42
4639	5
4640	32
4641	52
4642	40
4643	37
4644	21
4645	45
4646	40
4647	29
4648	26
4649	40
4650	29
4651	40
4652	42
4653	34
4654	38
4655	48
4656	22
4657	29
4658	16
4659	13
4660	61
4661	39
4662	5
4663	16
4664	70
4665	48
4666	49
4667	31
4668	42
4669	7
4670	44
4671	40
4672	52
4673	3
4674	43
4675	69
4676	13
4677	33
4678	35
4679	50
4680	22
4681	18
4682	40
4683	22
4684	48
4685	33
4686	69
4687	42
4688	2
4689	10
4690	34
4691	3
4692	45
4693	22
4694	43
4695	65
4696	42
4697	32
4698	7
4699	40
4700	16
4701	22
4702	29
4703	40
4704	3
4705	1
4706	31
4707	39
4708	18
4709	48
4710	66
4711	42
4712	74
4713	33
4714	13
4715	40
4716	45
4717	42
4718	31
4719	72
4720	3
4721	33
4722	16
4723	18
4724	1
4725	18
4726	22
4727	27
4728	37
4729	16
4730	40
4731	11
4732	13
4733	1
4734	48
4735	42
4736	34
4737	53
4738	7
4739	29
4740	13
4741	55
4742	15
4743	3
4744	16
4745	13
4746	7
4747	27
4748	31
4749	16
4750	14
4751	40
4752	15
4753	31
4754	73
4755	49
4756	2
4757	49
4758	26
4759	44
4760	40
4761	56
4762	25
4763	52
4764	40
4765	18
4766	40
4767	17
4768	16
4769	51
4770	14
4771	22
4772	42
4773	73
4774	40
4775	22
4776	18
4777	18
4778	46
4779	51
4780	31
4781	42
4782	3
4783	38
4784	15
4785	14
4786	60
4787	28
4788	38
4789	51
4790	61
4791	40
4792	37
4793	31
4794	16
4795	56
4796	51
4797	14
4798	60
4799	33
4800	1
4801	40
4802	48
4803	42
4804	57
4805	52
4806	51
4807	12
4808	72
4809	22
4810	22
4811	40
4812	56
4813	51
4814	2
4815	29
4816	2
4817	37
4818	2
4819	40
4820	2
4821	59
4822	40
4823	40
4824	2
4825	8
4826	40
4827	1
4828	14
4829	71
4830	53
4831	20
4832	21
4833	15
4834	38
4835	38
4836	35
4837	40
4838	38
4839	51
4840	49
4841	40
4842	51
4843	51
4844	40
4845	2
4846	15
4847	23
4848	51
4849	56
4850	53
4851	2
4852	11
4853	51
4854	40
4855	74
4856	51
4857	42
4858	22
4859	5
4860	8
4861	51
4862	16
4863	21
4864	66
4865	7
4866	3
4867	40
4868	2
4869	43
4870	51
4871	29
4872	51
4873	38
4874	51
4875	18
4876	23
4877	13
4878	42
4879	7
4880	51
4881	40
4882	40
4883	53
4884	47
4885	14
4886	5
4887	51
4888	42
4889	18
4890	18
4891	8
4892	30
4893	2
4894	2
4895	13
4896	40
4897	18
4898	48
4899	40
4900	15
4901	47
4902	51
4903	2
4904	47
4905	32
4906	51
4907	45
4908	21
4909	29
4910	7
4911	7
4912	43
4913	21
4914	2
4915	45
4916	40
4917	45
4918	31
4919	2
4920	61
4921	23
4922	51
4923	42
4924	47
4925	15
4926	28
4927	14
4928	40
4929	51
4930	14
4931	12
4932	40
4933	12
4934	40
4935	40
4936	29
4937	40
4938	29
4939	48
4940	51
4941	22
4942	40
4943	56
4944	47
4945	51
4946	13
4947	48
4948	51
4949	47
4950	56
4951	48
4952	47
4953	12
4954	22
4955	47
4956	40
4957	23
4958	40
4959	5
4960	40
4961	14
4962	47
4963	7
4964	57
4965	7
4966	22
4967	46
4968	18
4969	11
4970	51
4971	47
4972	11
4973	2
4974	42
4975	47
4976	26
4977	42
4978	10
4979	42
4980	38
4981	46
4982	19
4983	51
4984	51
4985	51
4986	46
4987	21
4988	73
4989	46
4990	47
4991	7
4992	45
4993	16
4994	11
4995	40
4996	7
4997	20
4998	2
4999	39
5000	29
5001	20
5002	47
5003	51
5004	22
5005	13
5006	12
5007	11
5008	7
5009	6
5010	47
5011	72
5012	44
5013	38
5014	40
5015	26
5016	9
5017	7
5018	13
5019	48
5020	42
5021	32
5022	38
5023	13
5024	44
5025	51
5026	2
5027	63
5028	44
5029	14
5030	40
5031	40
5032	62
5033	51
5034	59
5035	29
5036	28
5037	45
5038	63
5039	73
5040	22
5041	40
5042	40
5043	38
5044	42
5045	63
5046	22
5047	6
5048	5
5049	42
5050	40
5051	14
5052	40
5053	20
5054	22
5055	47
5056	7
5057	40
5058	51
5059	22
5060	60
5061	22
5062	22
5063	42
5064	2
5065	40
5066	34
5067	51
5068	5
5069	42
5070	40
5071	7
5072	44
5073	18
5074	40
5075	55
5076	71
5077	17
5078	8
5079	38
5080	50
5081	65
5082	53
5083	2
5084	59
5085	42
5086	22
5087	31
5088	40
5089	38
5090	43
5091	12
5092	42
5093	2
5094	34
5095	53
5096	8
5097	8
5098	44
5099	43
5100	8
5101	2
5102	7
5103	17
5104	2
5105	53
5106	17
5107	47
5108	42
5109	47
5110	53
5111	44
5112	27
5113	33
5114	20
5115	8
5116	39
5117	51
5118	73
5119	34
5120	6
5121	47
5122	8
5123	40
5124	8
5125	38
5126	51
5127	51
5128	22
5129	2
5130	18
5131	71
5132	51
5133	11
5134	47
5135	42
5136	40
5137	38
5138	2
5139	47
5140	12
5141	51
5142	34
5143	35
5144	52
5145	7
5146	51
5147	40
5148	51
5149	8
5150	53
5151	52
5152	69
5153	36
5154	40
5155	38
5156	42
5157	22
5158	31
5159	62
5160	39
5161	8
5162	29
5163	38
5164	51
5165	51
5166	1
5167	8
5168	40
5169	8
5170	2
5171	51
5172	51
5173	38
5174	40
5175	1
5176	42
5177	42
5178	47
5179	40
5180	40
5181	40
5182	8
5183	1
5184	1
5185	31
5186	44
5187	47
5188	73
5189	52
5190	20
5191	40
5192	1
5193	51
5194	53
5195	40
5196	40
5197	51
5198	31
5199	1
5200	38
5201	7
5202	30
5203	8
5204	53
5205	2
5206	38
5207	13
5208	18
5209	8
5210	14
5211	38
5212	22
5213	69
5214	40
5215	8
5216	40
5217	45
5218	40
5219	1
5220	17
5221	21
5222	1
5223	8
5224	8
5225	52
5226	34
5227	8
5228	51
5229	48
5230	51
5231	47
5232	15
5233	8
5234	34
5235	39
5236	47
5237	8
5238	51
5239	40
5240	52
5241	37
5242	52
5243	18
5244	1
5245	17
5246	51
5247	37
5248	73
5249	38
5250	51
5251	51
5252	42
5253	20
5254	8
5255	14
5256	8
5257	38
5258	40
5259	55
5260	52
5261	15
5262	7
5263	51
5264	2
5265	51
5266	7
5267	42
5268	51
5269	21
5270	38
5271	51
5272	16
5273	38
5274	40
5275	1
5276	15
5277	51
5278	1
5279	57
5280	1
5281	1
5282	8
5283	47
5284	53
5285	1
5286	40
5287	55
5288	1
5289	40
5290	2
5291	37
5292	51
5293	42
5294	47
5295	22
5296	30
5297	7
5298	62
5299	22
5300	22
5301	43
5302	12
5303	52
5304	15
5305	8
5306	47
5307	30
5308	47
5309	20
5310	3
5311	3
5312	8
5313	34
5314	40
5315	52
5316	7
5317	22
5318	14
5319	22
5320	42
5321	2
5322	47
5323	8
5324	47
5325	61
5326	61
5327	61
5328	40
5329	46
5330	51
5331	8
5332	2
5333	1
5334	51
5335	55
5336	3
5337	38
5338	51
5339	52
5340	61
5341	53
5342	38
5343	40
5344	7
5345	51
5346	38
5347	11
5348	8
5349	34
5350	51
5351	38
5352	40
5353	3
5354	53
5355	3
5356	46
5357	42
5358	51
5359	53
5360	51
5361	40
5362	40
5363	3
5364	1
5365	35
5366	33
5367	40
5368	38
5369	60
5370	8
5371	8
5372	51
5373	61
5374	22
5375	51
5376	21
5377	22
5378	17
5379	22
5380	42
5381	5
5382	1
5383	54
5384	2
5385	42
5386	1
5387	40
5388	42
5389	38
5390	40
5391	51
5392	18
5393	1
5394	1
5395	47
5396	1
5397	8
5398	8
5399	3
5400	2
5401	37
5402	18
5403	18
5404	20
5405	40
5406	3
5407	8
5408	45
5409	40
5410	20
5411	21
5412	42
5413	19
5414	49
5415	40
5416	61
5417	45
5418	51
5419	18
5420	40
5421	51
5422	18
5423	42
5424	38
5425	7
5426	31
5427	1
5428	68
5429	18
5430	18
5431	42
5432	40
5433	51
5434	20
5435	40
5436	61
5437	20
5438	2
5439	22
5440	13
5441	40
5442	61
5443	40
5444	61
5445	8
5446	13
5447	1
5448	8
5449	38
5450	8
5451	2
5452	3
5453	47
5454	51
5455	22
5456	2
5457	51
5458	18
5459	18
5460	8
5461	47
5462	18
5463	46
5464	2
5465	61
5466	8
5467	31
5468	49
5469	40
5470	4
5471	1
5472	40
5473	8
5474	2
5475	51
5476	8
5477	40
5478	1
5479	7
5480	40
5481	7
5482	40
5483	30
5484	8
5485	22
5486	40
5487	40
5488	53
5489	18
5490	8
5491	42
5492	53
5493	52
5494	57
5495	27
5496	40
5497	1
5498	70
5499	45
5500	23
5501	51
5502	66
5503	47
5504	51
5505	51
5506	1
5507	1
5508	1
5509	42
5510	40
5511	53
5512	19
5513	51
5514	18
5515	2
5516	8
5517	73
5518	18
5519	8
5520	1
5521	51
5522	2
5523	32
5524	1
5525	1
5526	18
5527	18
5528	29
5529	8
5530	51
5531	47
5532	38
5533	15
5534	66
5535	1
5536	29
5537	2
5538	32
5539	61
5540	16
5541	40
5542	56
5543	29
5544	51
5545	31
5546	61
5547	7
5548	2
5549	18
5550	18
5551	8
5552	40
5553	51
5554	18
5555	40
5556	31
5557	44
5558	40
5559	8
5560	72
5561	18
5562	1
5563	1
5564	65
5565	18
5566	40
5567	40
5568	51
5569	1
5570	2
5571	45
5572	31
5573	40
5574	31
5575	8
5576	51
5577	29
5578	18
5579	40
5580	31
5581	8
5582	31
5583	51
5584	8
5585	18
5586	45
5587	51
5588	11
5589	40
5590	71
5591	42
5592	12
5593	31
5594	11
5595	31
5596	47
5597	40
5598	31
5599	8
5600	52
5601	40
5602	2
5603	31
5604	45
5605	51
5606	51
5607	8
5608	40
5609	22
5610	18
5611	38
5612	29
5613	1
5614	47
5615	8
5616	17
5617	12
5618	1
5619	42
5620	38
5621	31
5622	48
5623	51
5624	18
5625	31
5626	51
5627	18
5628	18
5629	18
5630	31
5631	8
5632	61
5633	44
5634	31
5635	31
5636	8
5637	1
5638	8
5639	2
5640	40
5641	1
5642	1
5643	1
5644	15
5645	38
5646	40
5647	61
5648	61
5649	18
5650	31
5651	8
5652	1
5653	7
5654	59
5655	1
5656	47
5657	1
5658	51
5659	1
5660	51
5661	1
5662	64
5663	1
5664	8
5665	42
5666	40
5667	8
5668	8
5669	51
5670	1
5671	2
5672	18
5673	18
5674	5
5675	8
5676	38
5677	65
5678	2
5679	40
5680	29
5681	31
5682	1
5683	18
5684	8
5685	18
5686	69
5687	7
5688	1
5689	29
5690	5
5691	40
5692	18
5693	31
5694	20
5695	31
5696	13
5697	61
5698	5
5699	2
5700	40
5701	8
5702	1
5703	8
5704	51
5705	18
5706	51
5707	13
5708	47
5709	42
5710	18
5711	8
5712	15
5713	13
5714	40
5715	51
5716	43
5717	48
5718	8
5719	1
5720	52
5721	40
5722	45
5723	8
5724	21
5725	24
5726	51
5727	1
5728	40
5729	31
5730	8
5731	61
5732	8
5733	40
5734	56
5735	49
5736	56
5737	31
5738	15
5739	31
5740	34
5741	8
5742	2
5743	38
5744	2
5745	56
5746	61
5747	51
5748	47
5749	8
5750	33
5751	27
5752	2
5753	40
5754	31
5755	51
5756	18
5757	15
5758	31
5759	40
5760	31
5761	51
5762	8
5763	31
5764	40
5765	7
5766	40
5767	18
5768	37
5769	40
5770	40
5771	16
5772	18
5773	2
5774	1
5775	8
5776	1
5777	40
5778	31
5779	33
5780	31
5781	1
5782	9
5783	1
5784	4
5785	18
5786	52
5787	15
5788	46
5789	18
5790	25
5791	40
5792	1
5793	62
5794	38
5795	9
5796	2
5797	1
5798	51
5799	40
5800	15
5801	40
5802	37
5803	34
5804	38
5805	1
5806	51
5807	38
5808	42
5809	15
5810	51
5811	1
5812	15
5813	31
5814	1
5815	18
5816	14
5817	18
5818	38
5819	61
5820	57
5821	3
5822	51
5823	38
5824	40
5825	31
5826	51
5827	31
5828	18
5829	31
5830	16
5831	8
5832	40
5833	38
5834	1
5835	63
5836	8
5837	36
5838	51
5839	31
5840	1
5841	51
5842	53
5843	1
5844	1
5845	31
5846	8
5847	35
5848	47
5849	49
5850	68
5851	29
5852	48
5853	18
5854	48
5855	8
5856	2
5857	47
5858	1
5859	1
5860	51
5861	39
5862	31
5863	1
5864	65
5865	14
5866	14
5867	8
5868	1
5869	40
5870	66
5871	47
5872	74
5873	1
5874	42
5875	31
5876	30
5877	31
5878	8
5879	55
5880	42
5881	3
5882	31
5883	13
5884	51
5885	14
5886	18
5887	8
5888	2
5889	31
5890	61
5891	40
5892	3
5893	51
5894	47
5895	8
5896	1
5897	7
5898	51
5899	8
5900	14
5901	56
5902	8
5903	18
5904	38
5905	14
5906	18
5907	40
5908	55
5909	18
5910	51
5911	13
5912	13
5913	71
5914	1
5915	14
5916	40
5917	64
5918	28
5919	51
5920	40
5921	51
5922	49
5923	7
5924	57
5925	31
5926	59
5927	62
5928	31
5929	34
5930	14
5931	18
5932	29
5933	40
5934	40
5935	51
5936	31
5937	38
5938	14
5939	11
5940	33
5941	69
5942	51
5943	17
5944	18
5945	51
5946	1
5947	52
5948	51
5949	1
5950	1
5951	40
5952	40
5953	8
5954	18
5955	39
5956	22
5957	47
5958	32
5959	7
5960	18
5961	15
5962	42
5963	40
5964	47
5965	10
5966	36
5967	43
5968	40
5969	39
5970	40
5971	38
5972	44
5973	48
5974	47
5975	7
5976	18
5977	7
5978	14
5979	61
5980	31
5981	56
5982	18
5983	8
5984	7
5985	31
5986	40
5987	65
5988	61
5989	13
5990	1
5991	40
5992	1
5993	13
5994	61
5995	40
5996	8
5997	13
5998	8
5999	31
6000	1
6001	8
6002	8
6003	40
6004	31
6005	51
6006	52
6007	1
6008	18
6009	8
6010	40
6011	8
6012	51
6013	31
6014	8
6015	51
6016	1
6017	31
6018	18
6019	45
6020	25
6021	31
6022	29
6023	47
6024	1
6025	51
6026	3
6027	25
6028	31
6029	43
6030	1
6031	40
6032	23
6033	47
6034	42
6035	1
6036	40
6037	1
6038	47
6039	20
6040	42
6041	51
6042	40
6043	8
6044	40
6045	40
6046	1
6047	18
6048	40
6049	1
6050	18
6051	40
6052	13
6053	51
6054	39
6055	43
6056	8
6057	40
6058	8
6059	54
6060	43
6061	1
6062	7
6063	13
6064	63
6065	1
6066	22
6067	8
6068	31
6069	40
6070	47
6071	51
6072	62
6073	42
6074	31
6075	14
6076	1
6077	71
6078	22
6079	51
6080	40
6081	31
6082	7
6083	18
6084	61
6085	40
6086	45
6087	40
6088	1
6089	60
6090	42
6091	16
6092	7
6093	8
6094	43
6095	2
6096	8
6097	45
6098	37
6099	13
6100	51
6101	31
6102	22
6103	51
6104	1
6105	51
6106	31
6107	22
6108	1
6109	26
6110	53
6111	47
6112	18
6113	52
6114	14
6115	18
6116	8
6117	8
6118	1
6119	8
6120	7
6121	28
6122	18
6123	10
6124	56
6125	40
6126	51
6127	8
6128	8
6129	1
6130	51
6131	44
6132	1
6133	7
6134	39
6135	7
6136	27
6137	1
6138	16
6139	40
6140	7
6141	18
6142	8
6143	53
6144	53
6145	40
6146	73
6147	40
6148	44
6149	14
6150	31
6151	22
6152	45
6153	40
6154	43
6155	40
6156	47
6157	40
6158	1
6159	31
6160	20
6161	40
6162	8
6163	41
6164	18
6165	47
6166	47
6167	32
6168	30
6169	53
6170	40
6171	28
6172	3
6173	64
6174	7
6175	63
6176	13
6177	53
6178	18
6179	22
6180	22
6181	31
6182	8
6183	22
6184	53
6185	22
6186	37
6187	52
6188	34
6189	72
6190	8
6191	52
6192	65
6193	22
6194	18
6195	31
6196	2
6197	28
6198	22
6199	18
6200	2
6201	40
6202	13
6203	31
6204	56
6205	45
6206	53
6207	34
6208	1
6209	40
6210	53
6211	34
6212	27
6213	8
6214	64
6215	3
6216	51
6217	34
6218	74
6219	5
6220	38
6221	44
6222	40
6223	52
6224	2
6225	52
6226	14
6227	8
6228	37
6229	7
6230	65
6231	13
6232	40
6233	40
6234	45
6235	37
6236	18
6237	31
6238	14
6239	60
6240	21
6241	53
6242	38
6243	40
6244	27
6245	53
6246	52
6247	17
6248	52
6249	44
6250	40
6251	23
6252	53
6253	31
6254	40
6255	40
6256	22
6257	8
6258	1
6259	27
6260	64
6261	22
6262	34
6263	68
6264	15
6265	31
6266	34
6267	62
6268	34
6269	14
6270	14
6271	40
6272	2
6273	56
6274	42
6275	53
6276	22
6277	33
6278	40
6279	31
6280	51
6281	34
6282	34
6283	56
6284	1
6285	31
6286	19
6287	38
6288	53
6289	56
6290	22
6291	22
6292	31
6293	51
6294	40
6295	22
6296	38
6297	22
6298	8
6299	1
6300	40
6301	22
6302	1
6303	49
6304	7
6305	12
6306	40
6307	22
6308	73
6309	22
6310	49
6311	57
6312	57
6313	72
6314	20
6315	2
6316	16
6317	22
6318	40
6319	8
6320	3
6321	57
6322	18
6323	8
6324	27
6325	22
6326	8
6327	40
6328	3
6329	47
6330	46
6331	56
6332	61
6333	71
6334	47
6335	29
6336	44
6337	12
6338	38
6339	40
6340	18
6341	40
6342	49
6343	21
6344	22
6345	52
6346	40
6347	40
6348	8
6349	22
6350	38
6351	49
6352	40
6353	62
6354	18
6355	12
6356	40
6357	62
6358	22
6359	3
6360	8
6361	51
6362	40
6363	17
6364	2
6365	34
6366	22
6367	31
6368	46
6369	51
6370	20
6371	49
6372	1
6373	8
6374	50
6375	18
6376	13
6377	18
6378	29
6379	22
6380	22
6381	22
6382	37
6383	14
6384	40
6385	22
6386	31
6387	38
6388	21
6389	8
6390	7
6391	34
6392	8
6393	19
6394	42
6395	7
6396	61
6397	3
6398	58
6399	40
6400	53
6401	34
6402	1
6403	40
6404	7
6405	53
6406	40
6407	67
6408	3
6409	59
6410	15
6411	40
6412	40
6413	1
6414	61
6415	28
6416	46
6417	40
6418	30
6419	40
6420	31
6421	3
6422	7
6423	1
6424	22
6425	28
6426	40
6427	1
6428	52
6429	40
6430	8
6431	40
6432	32
6433	36
6434	40
6435	40
6436	7
6437	7
6438	40
6439	3
6440	61
6441	28
6442	22
6443	43
6444	1
6445	46
6446	61
6447	8
6448	20
6449	13
6450	39
6451	56
6452	11
6453	39
6454	30
6455	40
6456	52
6457	28
6458	37
6459	69
6460	1
6461	40
6462	1
6463	40
6464	61
6465	51
6466	45
6467	72
6468	40
6469	20
6470	40
6471	47
6472	31
6473	40
6474	52
6475	14
6476	40
6477	8
6478	31
6479	30
6480	21
6481	50
6482	61
6483	31
6484	31
6485	22
6486	66
6487	40
6488	49
6489	46
6490	63
6491	45
6492	20
6493	34
6494	67
6495	57
6496	20
6497	46
6498	31
6499	22
6500	72
6501	38
6502	18
6503	1
6504	40
6505	40
6506	15
6507	40
6508	32
6509	20
6510	26
6511	51
6512	44
6513	14
6514	8
6515	1
6516	61
6517	26
6518	14
6519	32
6520	45
6521	18
6522	46
6523	54
6524	7
6525	13
6526	20
6527	26
6528	32
6529	34
6530	5
6531	34
6532	40
6533	45
6534	43
6535	18
6536	70
6537	50
6538	18
6539	53
6540	1
6541	31
6542	38
6543	40
6544	31
6545	68
6546	3
6547	63
6548	1
6549	14
6550	59
6551	30
6552	1
6553	1
6554	18
6555	34
6556	44
6557	18
6558	40
6559	22
6560	40
6561	18
6562	24
6563	47
6564	67
6565	61
6566	56
6567	12
6568	8
6569	43
6570	47
6571	37
6572	57
6573	40
6574	1
6575	48
6576	40
6577	30
6578	20
6579	11
6580	61
6581	62
6582	61
6583	48
6584	59
6585	14
6586	8
6587	22
6588	40
6589	18
6590	40
6591	8
6592	17
6593	32
6594	40
6595	34
6596	31
6597	32
6598	48
6599	1
6600	7
6601	22
6602	40
6603	30
6604	20
6605	53
6606	29
6607	22
6608	3
6609	44
6610	51
6611	48
6612	28
6613	48
6614	3
6615	20
6616	46
6617	7
6618	27
6619	7
6620	43
6621	53
6622	1
6623	1
6624	40
6625	48
6626	40
6627	57
6628	40
6629	8
6630	46
6631	53
6632	30
6633	74
6634	27
6635	7
6636	45
6637	42
6638	51
6639	41
6640	39
6641	22
6642	5
6643	62
6644	1
6645	16
6646	40
6647	61
6648	45
6649	9
6650	64
6651	23
6652	22
6653	34
6654	42
6655	22
6656	41
6657	31
6658	3
6659	17
6660	14
6661	56
6662	42
6663	40
6664	40
6665	13
6666	29
6667	1
6668	14
6669	38
6670	6
6671	31
6672	44
6673	40
6674	16
6675	40
6676	61
6677	27
6678	3
6679	65
6680	9
6681	11
6682	32
6683	44
6684	40
6685	3
6686	50
6687	45
6688	48
6689	38
6690	42
6691	40
6692	61
6693	18
6694	40
6695	13
6696	47
6697	12
6698	20
6699	42
6700	42
6701	28
6702	38
6703	33
6704	42
6705	22
6706	63
6707	61
6708	61
6709	8
6710	29
6711	20
6712	42
6713	2
6714	26
6715	40
6716	49
6717	20
6718	42
6719	53
6720	2
6721	2
6722	51
6723	40
6724	13
6725	8
6726	53
6727	2
6728	33
6729	11
6730	32
6731	40
6732	34
6733	2
6734	72
6735	45
6736	20
6737	23
6738	13
6739	61
6740	3
6741	2
6742	18
6743	10
6744	51
6745	52
6746	27
6747	52
6748	42
6749	27
6750	49
6751	22
6752	69
6753	23
6754	9
6755	71
6756	42
6757	46
6758	40
6759	2
6760	13
6761	40
6762	31
6763	68
6764	34
6765	40
6766	25
6767	3
6768	61
6769	13
6770	2
6771	32
6772	49
6773	18
6774	40
6775	23
6776	12
6777	29
6778	44
6779	18
6780	42
6781	55
6782	4
6783	29
6784	40
6785	52
6786	37
6787	31
6788	49
6789	12
6790	48
6791	2
6792	57
6793	18
6794	50
6795	47
6796	40
6797	2
6798	13
6799	3
6800	47
6801	29
6802	67
6803	66
6804	40
6805	46
6806	40
6807	71
6808	30
6809	48
6810	13
6811	8
6812	48
6813	42
6814	40
6815	23
6816	39
6817	10
6818	15
6819	51
6820	40
6821	14
6822	40
6823	42
6824	55
6825	14
6826	3
6827	14
6828	29
6829	3
6830	56
6831	61
6832	2
6833	60
6834	18
6835	42
6836	56
6837	40
6838	13
6839	20
6840	56
6841	3
6842	16
6843	14
6844	52
6845	42
6846	2
6847	2
6848	40
6849	51
6850	51
6851	42
6852	53
6853	8
6854	56
6855	15
6856	40
6857	44
6858	31
6859	3
6860	51
6861	1
6862	38
6863	17
6864	48
6865	51
6866	56
6867	57
6868	40
6869	48
6870	40
6871	13
6872	31
6873	40
6874	44
6875	48
6876	2
6877	29
6878	51
6879	40
6880	27
6881	31
6882	31
6883	27
6884	11
6885	48
6886	53
6887	3
6888	14
6889	40
6890	57
6891	53
6892	58
6893	53
6894	38
6895	40
6896	13
6897	41
6898	51
6899	22
6900	14
6901	1
6902	51
6903	40
6904	2
6905	40
6906	38
6907	38
6908	10
6909	5
6910	21
6911	51
6912	14
6913	49
6914	22
6915	61
6916	22
6917	38
6918	13
6919	31
6920	51
6921	47
6922	40
6923	51
6924	13
6925	29
6926	40
6927	7
6928	42
6929	7
6930	14
6931	51
6932	70
6933	51
6934	38
6935	47
6936	15
6937	53
6938	40
6939	38
6940	46
6941	40
6942	29
6943	28
6944	7
6945	57
6946	51
6947	51
6948	40
6949	51
6950	47
6951	13
6952	8
6953	60
6954	11
6955	49
6956	42
6957	13
6958	54
6959	21
6960	64
6961	16
6962	51
6963	7
6964	20
6965	38
6966	51
6967	45
6968	42
6969	42
6970	11
6971	51
6972	7
6973	7
6974	10
6975	51
6976	45
6977	47
6978	3
6979	38
6980	8
6981	13
6982	22
6983	22
6984	5
6985	51
6986	51
6987	22
6988	12
6989	2
6990	1
6991	3
6992	39
6993	48
6994	9
6995	39
6996	30
6997	40
6998	12
6999	2
7000	18
7001	42
7002	61
7003	31
7004	30
7005	48
7006	40
7007	5
7008	25
7009	47
7010	47
7011	51
7012	47
7013	47
7014	13
7015	1
7016	47
7017	30
7018	19
7019	32
7020	48
7021	7
7022	2
7023	51
7024	51
7025	47
7026	48
7027	40
7028	6
7029	60
7030	18
7031	14
7032	52
7033	71
7034	48
7035	40
7036	20
7037	73
7038	47
7039	26
7040	40
7041	2
7042	70
7043	14
7044	41
7045	26
7046	70
7047	51
7048	44
7049	26
7050	47
7051	42
7052	18
7053	48
7054	51
7055	18
7056	30
7057	30
7058	40
7059	25
7060	18
7061	2
7062	27
7063	2
7064	51
7065	12
7066	45
7067	47
7068	2
7069	38
7070	18
7071	7
7072	40
7073	39
7074	23
7075	73
7076	29
7077	29
7078	38
7079	51
7080	47
7081	29
7082	61
7083	29
7084	28
7085	7
7086	20
7087	14
7088	54
7089	73
7090	57
7091	40
7092	67
7093	22
7094	7
7095	67
7096	2
7097	22
7098	36
7099	2
7100	22
7101	8
7102	7
7103	47
7104	42
7105	51
7106	29
7107	38
7108	21
7109	74
7110	28
7111	21
7112	13
7113	38
7114	40
7115	13
7116	31
7117	34
7118	22
7119	45
7120	47
7121	7
7122	40
7123	8
7124	47
7125	16
7126	48
7127	61
7128	69
7129	39
7130	40
7131	57
7132	40
7133	42
7134	42
7135	15
7136	35
7137	12
7138	40
7139	47
7140	31
7141	7
7142	8
7143	27
7144	62
7145	18
7146	22
7147	13
7148	51
7149	34
7150	7
7151	47
7152	38
7153	19
7154	18
7155	51
7156	40
7157	45
7158	51
7159	7
7160	7
7161	8
7162	2
7163	18
7164	42
7165	2
7166	22
7167	42
7168	31
7169	51
7170	40
7171	43
7172	42
7173	40
7174	34
7175	38
7176	47
7177	40
7178	8
7179	64
7180	16
7181	51
7182	52
7183	8
7184	40
7185	13
7186	2
7187	1
7188	40
7189	14
7190	59
7191	34
7192	1
7193	18
7194	40
7195	23
7196	51
7197	51
7198	53
7199	51
7200	2
7201	51
7202	8
7203	8
7204	16
7205	8
7206	27
7207	2
7208	51
7209	47
7210	38
7211	51
7212	51
7213	22
7214	40
7215	42
7216	61
7217	42
7218	47
7219	23
7220	53
7221	42
7222	8
7223	8
7224	41
7225	1
7226	2
7227	29
7228	1
7229	60
7230	34
7231	1
7232	40
7233	17
7234	33
7235	1
7236	42
7237	40
7238	42
7239	14
7240	1
7241	50
7242	31
7243	51
7244	52
7245	38
7246	8
7247	48
7248	51
7249	1
7250	34
7251	8
7252	47
7253	51
7254	27
7255	36
7256	36
7257	49
7258	40
7259	2
7260	22
7261	1
7262	38
7263	13
7264	51
7265	38
7266	51
7267	51
7268	52
7269	38
7270	40
7271	40
7272	51
7273	47
7274	8
7275	21
7276	44
7277	38
7278	51
7279	53
7280	1
7281	22
7282	16
7283	2
7284	38
7285	42
7286	2
7287	40
7288	71
7289	42
7290	38
7291	72
7292	49
7293	40
7294	60
7295	22
7296	1
7297	38
7298	33
7299	73
7300	42
7301	57
7302	37
7303	40
7304	40
7305	8
7306	1
7307	34
7308	1
7309	29
7310	2
7311	8
7312	40
7313	33
7314	13
7315	47
7316	1
7317	17
7318	53
7319	70
7320	51
7321	2
7322	58
7323	42
7324	1
7325	51
7326	1
7327	1
7328	8
7329	55
7330	42
7331	12
7332	11
7333	42
7334	47
7335	14
7336	8
7337	40
7338	56
7339	40
7340	42
7341	15
7342	2
7343	8
7344	42
7345	42
7346	8
7347	1
7348	1
7349	47
7350	5
7351	58
7352	57
7353	40
7354	51
7355	8
7356	38
7357	8
7358	2
7359	8
7360	61
7361	61
7362	8
7363	53
7364	51
7365	17
7366	40
7367	10
7368	34
7369	8
7370	32
7371	1
7372	37
7373	18
7374	44
7375	31
7376	47
7377	38
7378	42
7379	17
7380	40
7381	16
7382	1
7383	16
7384	15
7385	11
7386	1
7387	31
7388	51
7389	47
7390	1
7391	2
7392	8
7393	13
7394	71
7395	47
7396	51
7397	36
7398	40
7399	8
7400	22
7401	53
7402	1
7403	40
7404	49
7405	51
7406	29
7407	42
7408	12
7409	47
7410	8
7411	52
7412	40
7413	53
7414	3
7415	2
7416	1
7417	1
7418	52
7419	30
7420	1
7421	36
7422	30
7423	42
7424	51
7425	1
7426	40
7427	13
7428	40
7429	53
7430	51
7431	44
7432	18
7433	18
7434	18
7435	53
7436	8
7437	41
7438	40
7439	18
7440	9
7441	51
7442	23
7443	57
7444	52
7445	1
7446	15
7447	18
7448	42
7449	40
7450	1
7451	8
7452	56
7453	18
7454	47
7455	43
7456	18
7457	46
7458	51
7459	13
7460	33
7461	51
7462	51
7463	1
7464	51
7465	8
7466	51
7467	1
7468	32
7469	18
7470	37
7471	13
7472	42
7473	57
7474	40
7475	1
7476	18
7477	61
7478	52
7479	61
7480	11
7481	8
7482	25
7483	34
7484	2
7485	1
7486	20
7487	32
7488	47
7489	51
7490	51
7491	22
7492	1
7493	8
7494	51
7495	51
7496	8
7497	34
7498	40
7499	51
7500	20
7501	47
7502	31
7503	18
7504	18
7505	8
7506	18
7507	42
7508	51
7509	1
7510	4
7511	61
7512	8
7513	47
7514	1
7515	1
7516	52
7517	55
7518	20
7519	1
7520	43
7521	1
7522	8
7523	5
7524	51
7525	51
7526	51
7527	53
7528	25
7529	7
7530	40
7531	53
7532	55
7533	18
7534	8
7535	2
7536	20
7537	8
7538	65
7539	18
7540	12
7541	1
7542	57
7543	57
7544	40
7545	40
7546	45
7547	4
7548	18
7549	8
7550	42
7551	1
7552	1
7553	53
7554	61
7555	1
7556	8
7557	2
7558	38
7559	18
7560	1
7561	22
7562	8
7563	1
7564	43
7565	42
7566	18
7567	34
7568	44
7569	8
7570	9
7571	1
7572	38
7573	63
7574	40
7575	1
7576	1
7577	18
7578	51
7579	40
7580	29
7581	3
7582	52
7583	8
7584	73
7585	61
7586	8
7587	51
7588	38
7589	40
7590	14
7591	51
7592	45
7593	51
7594	61
7595	40
7596	18
7597	1
7598	2
7599	42
7600	31
7601	1
7602	73
7603	3
7604	8
7605	51
7606	51
7607	51
7608	1
7609	8
7610	8
7611	48
7612	51
7613	31
7614	18
7615	38
7616	40
7617	51
7618	1
7619	18
7620	40
7621	31
7622	42
7623	40
7624	31
7625	38
7626	51
7627	8
7628	8
7629	48
7630	1
7631	31
7632	8
7633	21
7634	8
7635	38
7636	48
7637	40
7638	8
7639	45
7640	30
7641	29
7642	12
7643	52
7644	31
7645	53
7646	1
7647	1
7648	20
7649	8
7650	11
7651	40
7652	17
7653	22
7654	52
7655	3
7656	16
7657	51
7658	41
7659	8
7660	3
7661	8
7662	52
7663	33
7664	31
7665	51
7666	52
7667	51
7668	1
7669	29
7670	3
7671	18
7672	18
7673	31
7674	47
7675	29
7676	8
7677	40
7678	12
7679	8
7680	13
7681	8
7682	42
7683	12
7684	8
7685	38
7686	47
7687	58
7688	40
7689	8
7690	8
7691	40
7692	36
7693	8
7694	60
7695	36
7696	31
7697	47
7698	31
7699	31
7700	40
7701	13
7702	2
7703	13
7704	31
7705	18
7706	48
7707	18
7708	38
7709	31
7710	1
7711	29
7712	31
7713	1
7714	38
7715	73
7716	1
7717	18
7718	18
7719	33
7720	3
7721	8
7722	13
7723	33
7724	46
7725	2
7726	42
7727	1
7728	1
7729	33
7730	8
7731	18
7732	31
7733	17
7734	8
7735	33
7736	30
7737	1
7738	1
7739	18
7740	1
7741	51
7742	1
7743	38
7744	16
7745	61
7746	47
7747	47
7748	61
7749	16
7750	22
7751	1
7752	18
7753	8
7754	73
7755	8
7756	1
7757	53
7758	38
7759	18
7760	18
7761	29
7762	18
7763	13
7764	40
7765	40
7766	51
7767	51
7768	1
7769	18
7770	65
7771	69
7772	31
7773	29
7774	1
7775	44
7776	40
7777	13
7778	2
7779	74
7780	1
7781	53
7782	1
7783	31
7784	43
7785	1
7786	55
7787	1
7788	15
7789	13
7790	48
7791	1
7792	30
7793	8
7794	61
7795	31
7796	2
7797	8
7798	15
7799	44
7800	47
7801	53
7802	38
7803	13
7804	18
7805	51
7806	61
7807	37
7808	51
7809	18
7810	18
7811	1
7812	13
7813	40
7814	33
7815	71
7816	57
7817	33
7818	1
7819	8
7820	57
7821	51
7822	48
7823	40
7824	67
7825	54
7826	52
7827	18
7828	51
7829	51
7830	8
7831	1
7832	51
7833	39
7834	61
7835	51
7836	1
7837	10
7838	8
7839	18
7840	14
7841	31
7842	31
7843	31
7844	15
7845	1
7846	8
7847	1
7848	47
7849	29
7850	51
7851	13
7852	61
7853	8
7854	8
7855	40
7856	13
7857	12
7858	31
7859	18
7860	1
7861	8
7862	47
7863	31
7864	13
7865	73
7866	40
7867	24
7868	40
7869	31
7870	31
7871	64
7872	18
7873	51
7874	8
7875	31
7876	13
7877	51
7878	44
7879	18
7880	1
7881	1
7882	2
7883	40
7884	38
7885	35
7886	31
7887	13
7888	31
7889	14
7890	18
7891	1
7892	1
7893	31
7894	31
7895	4
7896	31
7897	34
7898	8
7899	31
7900	18
7901	1
7902	31
7903	1
7904	8
7905	51
7906	42
7907	2
7908	31
7909	29
7910	31
7911	38
7912	14
7913	46
7914	47
7915	1
7916	42
7917	40
7918	51
7919	51
7920	18
7921	8
7922	8
7923	15
7924	47
7925	31
7926	40
7927	51
7928	13
7929	27
7930	66
7931	38
7932	3
7933	3
7934	23
7935	51
7936	1
7937	40
7938	38
7939	40
7940	2
7941	40
7942	8
7943	51
7944	11
7945	51
7946	31
7947	18
7948	1
7949	42
7950	11
7951	1
7952	40
7953	1
7954	31
7955	62
7956	38
7957	30
7958	29
7959	18
7960	31
7961	38
7962	51
7963	21
7964	7
7965	57
7966	3
7967	15
7968	8
7969	31
7970	13
7971	7
7972	31
7973	1
7974	18
7975	38
7976	1
7977	5
7978	1
7979	51
7980	8
7981	40
7982	43
7983	31
7984	42
7985	49
7986	8
7987	31
7988	51
7989	18
7990	8
7991	13
7992	2
7993	21
7994	1
7995	40
7996	31
7997	51
7998	63
7999	40
8000	1
8001	48
8002	18
8003	31
8004	51
8005	40
8006	40
8007	14
8008	12
8009	51
8010	12
8011	18
8012	40
8013	45
8014	40
8015	13
8016	11
8017	27
8018	48
8019	44
8020	4
8021	14
8022	8
8023	2
8024	8
8025	31
8026	2
8027	7
8028	31
8029	51
8030	12
8031	39
8032	51
8033	51
8034	8
8035	32
8036	7
8037	18
8038	7
8039	31
8040	26
8041	1
8042	18
8043	51
8044	47
8045	1
8046	31
8047	20
8048	2
8049	8
8050	40
8051	14
8052	61
8053	31
8054	22
8055	51
8056	44
8057	31
8058	31
8059	1
8060	29
8061	31
8062	45
8063	15
8064	51
8065	1
8066	26
8067	18
8068	26
8069	40
8070	51
8071	18
8072	66
8073	71
8074	31
8075	38
8076	18
8077	18
8078	18
8079	43
8080	11
8081	40
8082	7
8083	40
8084	44
8085	31
8086	31
8087	8
8088	1
8089	8
8090	22
8091	18
8092	57
8093	40
8094	7
8095	1
8096	18
8097	40
8098	40
8099	1
8100	51
8101	18
8102	38
8103	40
8104	8
8105	59
8106	31
8107	22
8108	40
8109	22
8110	62
8111	1
8112	18
8113	51
8114	44
8115	72
8116	22
8117	1
8118	40
8119	30
8120	1
8121	73
8122	1
8123	31
8124	27
8125	22
8126	18
8127	60
8128	39
8129	18
8130	8
8131	34
8132	2
8133	7
8134	44
8135	56
8136	18
8137	62
8138	62
8139	18
8140	21
8141	31
8142	31
8143	31
8144	40
8145	8
8146	49
8147	39
8148	14
8149	34
8150	22
8151	38
8152	22
8153	18
8154	12
8155	47
8156	8
8157	31
8158	48
8159	51
8160	45
8161	31
8162	8
8163	36
8164	51
8165	31
8166	6
8167	51
8168	21
8169	13
8170	18
8171	7
8172	63
8173	61
8174	53
8175	24
8176	22
8177	51
8178	52
8179	56
8180	31
8181	8
8182	40
8183	52
8184	51
8185	5
8186	40
8187	53
8188	51
8189	18
8190	31
8191	40
8192	1
8193	51
8194	40
8195	44
8196	51
8197	47
8198	31
8199	22
8200	1
8201	40
8202	73
8203	40
8204	8
8205	40
8206	22
8207	47
8208	51
8209	44
8210	40
8211	18
8212	22
8213	1
8214	31
8215	27
8216	23
8217	14
8218	3
8219	40
8220	40
8221	14
8222	64
8223	18
8224	22
8225	14
8226	31
8227	8
8228	40
8229	18
8230	14
8231	40
8232	53
8233	31
8234	38
8235	53
8236	56
8237	7
8238	37
8239	26
8240	40
8241	40
8242	5
8243	48
8244	44
8245	40
8246	7
8247	31
8248	34
8249	43
8250	34
8251	14
8252	31
8253	40
8254	53
8255	8
8256	13
8257	1
8258	18
8259	42
8260	8
8261	8
8262	33
8263	49
8264	25
8265	52
8266	32
8267	26
8268	40
8269	28
8270	51
8271	38
8272	17
8273	52
8274	17
8275	18
8276	27
8277	34
8278	8
8279	8
8280	31
8281	51
8282	37
8283	34
8284	40
8285	22
8286	40
8287	56
8288	7
8289	69
8290	8
8291	22
8292	1
8293	51
8294	6
8295	5
8296	8
8297	1
8298	1
8299	53
8300	8
8301	14
8302	25
8303	53
8304	49
8305	2
8306	51
8307	31
8308	51
8309	52
8310	40
8311	53
8312	7
8313	40
8314	38
8315	40
8316	33
8317	37
8318	16
8319	40
8320	71
8321	16
8322	12
8323	57
8324	51
8325	12
8326	40
8327	7
8328	49
8329	14
8330	8
8331	29
8332	22
8333	34
8334	40
8335	22
8336	40
8337	18
8338	31
8339	21
8340	22
8341	19
8342	43
8343	7
8344	37
8345	33
8346	8
8347	27
8348	33
8349	40
8350	57
8351	49
8352	11
8353	53
8354	53
8355	42
8356	2
8357	52
8358	1
8359	71
8360	51
8361	40
8362	35
8363	47
8364	58
8365	14
8366	4
8367	58
8368	40
8369	57
8370	51
8371	3
8372	51
8373	3
8374	7
8375	1
8376	31
8377	40
8378	52
8379	42
8380	17
8381	61
8382	59
8383	37
8384	7
8385	37
8386	66
8387	54
8388	61
8389	31
8390	34
8391	31
8392	1
8393	44
8394	2
8395	64
8396	51
8397	1
8398	40
8399	40
8400	61
8401	13
8402	22
8403	40
8404	45
8405	3
8406	53
8407	64
8408	64
8409	40
8410	34
8411	14
8412	1
8413	38
8414	22
8415	18
8416	14
8417	21
8418	8
8419	21
8420	15
8421	22
8422	8
8423	31
8424	8
8425	1
8426	17
8427	7
8428	40
8429	16
8430	8
8431	1
8432	15
8433	31
8434	38
8435	7
8436	40
8437	17
8438	53
8439	11
8440	49
8441	18
8442	67
8443	40
8444	40
8445	22
8446	51
8447	73
8448	31
8449	16
8450	8
8451	31
8452	1
8453	16
8454	2
8455	34
8456	57
8457	51
8458	49
8459	40
8460	30
8461	34
8462	52
8463	74
8464	27
8465	50
8466	40
8467	7
8468	31
8469	22
8470	40
8471	61
8472	61
8473	57
8474	31
8475	40
8476	18
8477	31
8478	1
8479	61
8480	17
8481	7
8482	45
8483	20
8484	18
8485	8
8486	22
8487	58
8488	43
8489	61
8490	7
8491	15
8492	22
8493	1
8494	13
8495	57
8496	48
8497	52
8498	1
8499	22
8500	62
8501	22
8502	20
8503	40
8504	40
8505	20
8506	22
8507	55
8508	28
8509	52
8510	40
8511	31
8512	40
8513	40
8514	1
8515	16
8516	32
8517	69
8518	31
8519	53
8520	39
8521	27
8522	61
8523	13
8524	21
8525	31
8526	31
8527	20
8528	52
8529	37
8530	1
8531	12
8532	44
8533	44
8534	31
8535	40
8536	7
8537	44
8538	9
8539	53
8540	44
8541	26
8542	45
8543	26
8544	32
8545	47
8546	12
8547	44
8548	7
8549	61
8550	40
8551	14
8552	7
8553	45
8554	7
8555	21
8556	44
8557	40
8558	14
8559	1
8560	47
8561	57
8562	14
8563	40
8564	30
8565	40
8566	44
8567	42
8568	3
8569	43
8570	30
8571	66
8572	16
8573	40
8574	4
8575	14
8576	13
8577	67
8578	15
8579	52
8580	40
8581	21
8582	32
8583	3
8584	22
8585	22
8586	61
8587	21
8588	44
8589	3
8590	14
8591	20
8592	44
8593	14
8594	22
8595	38
8596	3
8597	57
8598	40
8599	44
8600	73
8601	1
8602	12
8603	22
8604	22
8605	3
8606	27
8607	3
8608	22
8609	31
8610	2
8611	58
8612	43
8613	53
8614	22
8615	8
8616	22
8617	13
8618	14
8619	40
8620	12
8621	31
8622	44
8623	39
8624	3
8625	49
8626	67
8627	40
8628	40
8629	7
8630	31
8631	53
8632	44
8633	54
8634	40
8635	28
8636	18
8637	55
8638	21
8639	52
8640	45
8641	8
8642	27
8643	18
8644	7
8645	30
8646	48
8647	30
8648	45
8649	29
8650	45
8651	51
8652	31
8653	14
8654	31
8655	10
8656	40
8657	65
8658	4
8659	29
8660	18
8661	47
8662	26
8663	39
8664	29
8665	22
8666	43
8667	51
8668	40
8669	3
8670	40
8671	8
8672	40
8673	64
8674	1
8675	1
8676	52
8677	1
8678	38
8679	61
8680	3
8681	45
8682	62
8683	38
8684	3
8685	72
8686	42
8687	11
8688	5
8689	3
8690	31
8691	42
8692	34
8693	22
8694	61
8695	32
8696	18
8697	48
8698	52
8699	22
8700	52
8701	40
8702	29
8703	44
8704	8
8705	33
8706	43
8707	33
8708	34
8709	18
8710	40
8711	23
8712	3
8713	32
8714	40
8715	68
8716	40
8717	31
8718	3
8719	27
8720	31
8721	44
8722	52
8723	42
8724	29
8725	13
8726	61
8727	61
8728	16
8729	1
8730	40
8731	61
8732	27
8733	33
8734	22
8735	40
8736	48
8737	43
8738	34
8739	63
8740	22
8741	27
8742	26
8743	48
8744	42
8745	73
8746	40
8747	42
8748	40
8749	8
8750	42
8751	51
8752	13
8753	61
8754	18
8755	8
8756	13
8757	22
8758	52
8759	33
8760	17
8761	12
8762	54
8763	22
8764	18
8765	69
8766	16
8767	72
8768	13
8769	9
8770	11
8771	29
8772	22
8773	28
8774	13
8775	3
8776	22
8777	40
8778	51
8779	40
8780	62
8781	32
8782	42
8783	32
8784	53
8785	16
8786	42
8787	32
8788	21
8789	17
8790	13
8791	40
8792	8
8793	40
8794	42
8795	12
8796	48
8797	40
8798	40
8799	59
8800	18
8801	40
8802	40
8803	22
8804	42
8805	61
8806	15
8807	48
8808	42
8809	34
8810	48
8811	53
8812	11
8813	39
8814	13
8815	3
8816	53
8817	27
8818	69
8819	23
8820	2
8821	42
8822	40
8823	31
8824	48
8825	13
8826	22
8827	33
8828	71
8829	18
8830	45
8831	65
8832	37
8833	37
8834	14
8835	69
8836	3
8837	18
8838	48
8839	64
8840	34
8841	50
8842	56
8843	40
8844	45
8845	17
8846	52
8847	55
8848	66
8849	40
8850	40
8851	42
8852	7
8853	22
8854	69
8855	40
8856	29
8857	22
8858	31
8859	35
8860	16
8861	18
8862	40
8863	44
8864	8
8865	14
8866	3
8867	52
8868	15
8869	13
8870	57
8871	20
8872	2
8873	73
8874	48
8875	14
8876	24
8877	51
8878	38
8879	62
8880	73
8881	40
8882	27
8883	40
8884	51
8885	51
8886	8
8887	40
8888	51
8889	1
8890	34
8891	3
8892	40
8893	3
8894	57
8895	13
8896	18
8897	22
8898	56
8899	45
8900	17
8901	46
8902	58
8903	40
8904	69
8905	64
8906	18
8907	18
8908	21
8909	53
8910	44
8911	36
8912	52
8913	40
8914	37
8915	40
8916	13
8917	51
8918	16
8919	70
8920	40
8921	31
8922	42
8923	38
8924	31
8925	40
8926	8
8927	27
8928	38
8929	46
8930	14
8931	40
8932	18
8933	14
8934	40
8935	6
8936	40
8937	51
8938	51
8939	72
8940	1
8941	11
8942	40
8943	37
8944	40
8945	1
8946	56
8947	51
8948	30
8949	51
8950	31
8951	22
8952	14
8953	14
8954	56
8955	40
8956	8
8957	11
8958	7
8959	1
8960	14
8961	51
8962	13
8963	32
8964	3
8965	2
8966	40
8967	63
8968	2
8969	47
8970	40
8971	14
8972	18
8973	45
8974	51
8975	2
8976	64
8977	2
8978	13
8979	40
8980	7
8981	47
8982	8
8983	45
8984	66
8985	14
8986	11
8987	14
8988	40
8989	13
8990	56
8991	32
8992	32
8993	8
8994	31
8995	7
8996	42
8997	14
8998	63
8999	35
9000	47
9001	38
9002	46
9003	14
9004	14
9005	31
9006	40
9007	22
9008	61
9009	45
9010	7
9011	51
9012	9
9013	51
9014	14
9015	14
9016	42
9017	11
9018	27
9019	51
9020	29
9021	38
9022	2
9023	7
9024	40
9025	40
9026	2
9027	25
9028	31
9029	5
9030	47
9031	40
9032	40
9033	30
9034	32
9035	32
9036	42
9037	7
9038	12
9039	51
9040	51
9041	20
9042	38
9043	43
9044	40
9045	38
9046	73
9047	7
9048	2
9049	44
9050	26
9051	48
9052	2
9053	26
9054	47
9055	38
9056	55
9057	40
9058	9
9059	61
9060	11
9061	2
9062	64
9063	40
9064	13
9065	18
9066	40
9067	43
9068	39
9069	29
9070	40
9071	46
9072	15
9073	65
9074	40
9075	40
9076	42
9077	51
9078	42
9079	15
9080	57
9081	40
9082	4
9083	18
9084	16
9085	2
9086	10
9087	51
9088	56
9089	21
9090	30
9091	39
9092	42
9093	39
9094	71
9095	42
9096	3
9097	51
9098	47
9099	42
9100	40
9101	42
9102	2
9103	71
9104	40
9105	42
9106	51
9107	25
9108	26
9109	58
9110	38
9111	26
9112	2
9113	45
9114	40
9115	49
9116	39
9117	26
9118	59
9119	42
9120	40
9121	56
9122	2
9123	14
9124	29
9125	51
9126	47
9127	13
9128	29
9129	7
9130	47
9131	22
9132	47
9133	22
9134	1
9135	22
9136	70
9137	26
9138	40
9139	62
9140	40
9141	51
9142	38
9143	51
9144	51
9145	51
9146	13
9147	31
9148	51
9149	11
9150	2
9151	14
9152	8
9153	51
9154	7
9155	40
9156	40
9157	69
9158	40
9159	8
9160	51
9161	50
9162	31
9163	39
9164	47
9165	51
9166	22
9167	65
9168	40
9169	8
9170	46
9171	18
9172	51
9173	2
9174	14
9175	47
9176	38
9177	50
9178	31
9179	20
9180	47
9181	38
9182	39
9183	44
9184	26
9185	37
9186	47
9187	8
9188	8
9189	34
9190	13
9191	17
9192	42
9193	42
9194	13
9195	67
9196	8
9197	2
9198	8
9199	51
9200	38
9201	22
9202	42
9203	8
9204	9
9205	52
9206	42
9207	51
9208	40
9209	33
9210	38
9211	40
9212	38
9213	53
9214	40
9215	47
9216	38
9217	45
9218	8
9219	51
9220	38
9221	7
9222	51
9223	38
9224	7
9225	40
9226	51
9227	21
9228	40
9229	59
9230	51
9231	53
9232	30
9233	68
9234	8
9235	16
9236	16
9237	40
9238	2
9239	8
9240	17
9241	51
9242	7
9243	51
9244	1
9245	1
9246	13
9247	51
9248	8
9249	51
9250	41
9251	1
9252	64
9253	14
9254	47
9255	20
9256	40
9257	27
9258	2
9259	15
9260	3
9261	39
9262	51
9263	72
9264	32
9265	33
9266	40
9267	40
9268	47
9269	22
9270	72
9271	8
9272	51
9273	36
9274	46
9275	28
9276	53
9277	26
9278	48
9279	57
9280	38
9281	52
9282	1
9283	51
9284	46
9285	29
9286	57
9287	24
9288	44
9289	40
9290	1
9291	47
9292	16
9293	1
9294	1
9295	1
9296	7
9297	51
9298	40
9299	1
9300	53
9301	40
9302	1
9303	37
9304	1
9305	17
9306	1
9307	40
9308	22
9309	40
9310	1
9311	1
9312	8
9313	40
9314	22
9315	14
9316	44
9317	8
9318	8
9319	8
9320	2
9321	8
9322	42
9323	8
9324	51
9325	8
9326	38
9327	51
9328	8
9329	40
9330	2
9331	51
9332	52
9333	51
9334	8
9335	66
9336	51
9337	38
9338	14
9339	1
9340	51
9341	51
9342	38
9343	40
9344	40
9345	54
9346	47
9347	52
9348	20
9349	48
9350	26
9351	36
9352	51
9353	2
9354	53
9355	51
9356	48
9357	51
9358	29
9359	8
9360	1
9361	18
9362	40
9363	47
9364	40
9365	33
9366	8
9367	51
9368	1
9369	38
9370	53
9371	1
9372	52
9373	23
9374	8
9375	8
9376	16
9377	2
9378	40
9379	51
9380	14
9381	47
9382	8
9383	47
9384	8
9385	34
9386	40
9387	38
9388	46
9389	57
9390	42
9391	8
9392	61
9393	40
9394	8
9395	8
9396	42
9397	1
9398	71
9399	1
9400	7
9401	40
9402	53
9403	38
9404	22
9405	22
9406	1
9407	38
9408	8
9409	8
9410	8
9411	1
9412	46
9413	43
9414	42
9415	69
9416	61
9417	8
9418	48
9419	51
9420	40
9421	14
9422	52
9423	42
9424	51
9425	66
9426	1
9427	48
9428	52
9429	17
9430	46
9431	26
9432	38
9433	38
9434	57
9435	8
9436	2
9437	52
9438	59
9439	42
9440	44
9441	11
9442	39
9443	8
9444	40
9445	61
9446	8
9447	1
9448	56
9449	8
9450	72
9451	64
9452	43
9453	1
9454	1
9455	3
9456	42
9457	51
9458	40
9459	8
9460	47
9461	54
9462	68
9463	40
9464	61
9465	40
9466	5
9467	5
9468	13
9469	66
9470	49
9471	38
9472	2
9473	5
9474	40
9475	42
9476	38
9477	2
9478	1
9479	18
9480	34
9481	2
9482	18
9483	73
9484	56
9485	51
9486	18
9487	8
9488	32
9489	3
9490	41
9491	51
9492	1
9493	51
9494	40
9495	18
9496	14
9497	8
9498	40
9499	33
9500	38
9501	1
9502	51
9503	8
9504	40
9505	3
9506	1
9507	42
9508	25
9509	51
9510	1
9511	8
9512	9
9513	46
9514	46
9515	8
9516	18
9517	5
9518	8
9519	45
9520	1
9521	51
9522	32
9523	58
9524	51
9525	2
9526	38
9527	42
9528	51
9529	5
9530	48
9531	8
9532	18
9533	2
9534	18
9535	61
9536	30
9537	30
9538	18
9539	18
9540	2
9541	8
9542	8
9543	18
9544	51
9545	14
9546	1
9547	49
9548	1
9549	2
9550	1
9551	51
9552	9
9553	18
9554	8
9555	18
9556	31
9557	1
9558	61
9559	1
9560	12
9561	12
9562	47
9563	51
9564	1
9565	51
9566	39
9567	40
9568	54
9569	18
9570	8
9571	8
9572	18
9573	18
9574	1
9575	40
9576	58
9577	56
9578	1
9579	8
9580	5
9581	45
9582	1
9583	3
9584	18
9585	40
9586	3
9587	51
9588	18
9589	18
9590	18
9591	38
9592	7
9593	2
9594	18
9595	40
9596	40
9597	31
9598	40
9599	18
9600	12
9601	40
9602	38
9603	18
9604	18
9605	51
9606	40
9607	8
9608	39
9609	47
9610	40
9611	3
9612	57
9613	8
9614	40
9615	68
9616	43
9617	51
9618	1
9619	40
9620	1
9621	40
9622	51
9623	38
9624	53
9625	39
9626	51
9627	34
9628	3
9629	1
9630	47
9631	59
9632	52
9633	44
9634	18
9635	42
9636	1
9637	8
9638	1
9639	51
9640	51
9641	16
9642	2
9643	8
9644	51
9645	47
9646	14
9647	1
9648	51
9649	47
9650	47
9651	62
9652	38
9653	8
9654	21
9655	47
9656	43
9657	7
9658	31
9659	47
9660	1
9661	30
9662	22
9663	1
9664	61
9665	8
9666	51
9667	31
9668	8
9669	72
9670	18
9671	40
9672	36
9673	18
9674	47
9675	2
9676	22
9677	42
9678	8
9679	5
9680	18
9681	31
9682	47
9683	8
9684	42
9685	3
9686	58
9687	51
9688	52
9689	8
9690	1
9691	51
9692	1
9693	27
9694	61
9695	61
9696	40
9697	58
9698	1
9699	38
9700	18
9701	44
9702	1
9703	18
9704	51
9705	30
9706	18
9707	11
9708	31
9709	1
9710	8
9711	11
9712	18
9713	2
9714	1
9715	18
9716	18
9717	12
9718	69
9719	18
9720	31
9721	47
9722	20
9723	18
9724	18
9725	8
9726	40
9727	1
9728	26
9729	38
9730	15
9731	40
9732	5
9733	18
9734	9
9735	52
9736	40
9737	1
9738	2
9739	8
9740	18
9741	31
9742	51
9743	40
9744	2
9745	31
9746	7
9747	31
9748	31
9749	31
9750	73
9751	18
9752	47
9753	40
9754	42
9755	31
9756	70
9757	29
9758	47
9759	8
9760	31
9761	18
9762	23
9763	37
9764	51
9765	40
9766	18
9767	15
9768	52
9769	27
9770	51
9771	51
9772	18
9773	52
9774	18
9775	8
9776	8
9777	53
9778	51
9779	8
9780	74
9781	29
9782	18
9783	40
9784	18
9785	30
9786	51
9787	61
9788	40
9789	7
9790	1
9791	13
9792	5
9793	44
9794	7
9795	47
9796	51
9797	31
9798	18
9799	48
9800	47
9801	31
9802	31
9803	13
9804	1
9805	1
9806	33
9807	22
9808	31
9809	18
9810	38
9811	8
9812	38
9813	51
9814	8
9815	45
9816	1
9817	48
9818	66
9819	51
9820	8
9821	13
9822	42
9823	42
9824	31
9825	31
9826	8
9827	38
9828	18
9829	49
9830	1
9831	31
9832	51
9833	40
9834	31
9835	51
9836	13
9837	31
9838	38
9839	51
9840	40
9841	51
9842	18
9843	51
9844	13
9845	47
9846	8
9847	42
9848	38
9849	8
9850	2
9851	52
9852	42
9853	1
9854	40
9855	1
9856	8
9857	1
9858	8
9859	8
9860	42
9861	18
9862	18
9863	31
9864	56
9865	27
9866	31
9867	41
9868	55
9869	31
9870	8
9871	31
9872	1
9873	13
9874	8
9875	37
9876	40
9877	51
9878	18
9879	18
9880	59
9881	8
9882	18
9883	51
9884	51
9885	31
9886	31
9887	31
9888	51
9889	33
9890	52
9891	18
9892	42
9893	46
9894	31
9895	40
9896	47
9897	18
9898	58
9899	18
9900	40
9901	22
9902	8
9903	51
9904	1
9905	20
9906	18
9907	51
9908	18
9909	28
9910	31
9911	8
9912	31
9913	47
9914	8
9915	40
9916	40
9917	18
9918	37
9919	31
9920	1
9921	1
9922	51
9923	66
9924	40
9925	18
9926	1
9927	18
9928	18
9929	46
9930	63
9931	66
9932	15
9933	33
9934	51
9935	8
9936	51
9937	48
9938	49
9939	8
9940	14
9941	51
9942	13
9943	40
9944	8
9945	40
9946	1
9947	18
9948	18
9949	1
9950	1
9951	36
9952	40
9953	31
9954	31
9955	18
9956	14
9957	47
9958	51
9959	8
9960	1
9961	15
9962	36
9963	1
9964	18
9965	40
9966	47
9967	18
9968	14
9969	31
9970	51
9971	54
9972	1
9973	1
9974	13
9975	31
9976	1
9977	51
9978	8
9979	52
9980	56
9981	51
9982	30
9983	40
9984	31
9985	23
9986	1
9987	31
9988	1
9989	46
9990	15
9991	1
9992	31
9993	18
9994	57
9995	31
9996	1
9997	30
9998	68
9999	13
10000	49
