1	1
2	2
3	3
4	4
5	5
6	6
7	3
8	7
9	4
10	8
11	9
12	10
13	11
14	12
15	13
16	14
17	1
18	15
19	5
20	16
21	17
22	18
23	19
24	20
25	21
26	22
27	23
28	24
29	25
30	26
31	23
32	3
33	25
34	10
35	27
36	15
37	28
38	9
39	29
40	30
41	31
42	16
43	15
44	4
45	18
46	32
47	33
48	16
49	27
50	34
51	31
52	35
53	8
54	33
55	36
56	37
57	4
58	38
59	31
60	23
61	39
62	31
63	21
64	16
65	32
66	25
67	33
68	40
69	13
70	33
71	41
72	17
73	42
74	10
75	43
76	9
77	7
78	44
79	23
80	30
81	36
82	32
83	11
84	17
85	42
86	45
87	46
88	12
89	23
90	47
91	30
92	12
93	48
94	49
95	46
96	39
97	50
98	5
99	50
100	25
101	10
102	28
103	51
104	17
105	49
106	47
107	1
108	46
109	19
110	5
111	2
112	52
113	2
114	23
115	53
116	15
117	37
118	22
119	5
120	24
121	34
122	38
123	7
124	49
125	45
126	39
127	42
128	1
129	54
130	14
131	55
132	27
133	45
134	39
135	16
136	48
137	7
138	27
139	48
140	56
141	47
142	43
143	14
144	12
145	52
146	18
147	57
148	36
149	43
150	46
151	26
152	33
153	44
154	58
155	59
156	21
157	31
158	6
159	11
160	2
161	12
162	43
163	60
164	61
165	34
166	59
167	39
168	1
169	35
170	11
171	49
172	16
173	33
174	60
175	15
176	51
177	15
178	57
179	38
180	31
181	48
182	54
183	44
184	42
185	5
186	21
187	16
188	10
189	58
190	35
191	33
192	61
193	11
194	33
195	62
196	8
197	41
198	6
199	63
200	10
201	7
202	5
203	11
204	45
205	15
206	30
207	54
208	51
209	41
210	63
211	12
212	12
213	16
214	18
215	27
216	33
217	6
218	23
219	6
220	12
221	54
222	53
223	50
224	13
225	41
226	49
227	12
228	49
229	60
230	30
231	4
232	28
233	35
234	45
235	10
236	16
237	60
238	23
239	1
240	49
241	4
242	27
243	48
244	48
245	35
246	41
247	41
248	48
249	8
250	59
251	44
252	13
253	1
254	1
255	63
256	48
257	39
258	58
259	22
260	64
261	60
262	6
263	27
264	41
265	33
266	50
267	8
268	44
269	56
270	65
271	8
272	21
273	12
274	22
275	56
276	49
277	49
278	10
279	37
280	21
281	56
282	10
283	13
284	23
285	49
286	6
287	18
288	13
289	15
290	41
291	28
292	66
293	58
294	42
295	4
296	40
297	18
298	16
299	63
300	23
301	48
302	10
303	30
304	16
305	64
306	1
307	24
308	14
309	36
310	42
311	51
312	36
313	28
314	51
315	67
316	1
317	1
318	22
319	46
320	30
321	36
322	1
323	13
324	8
325	66
326	19
327	14
328	9
329	27
330	68
331	15
332	47
333	61
334	1
335	30
336	15
337	41
338	62
339	6
340	48
341	48
342	33
343	7
344	17
345	30
346	12
347	51
348	13
349	67
350	29
351	21
352	23
353	21
354	51
355	16
356	41
357	3
358	41
359	43
360	33
361	45
362	53
363	20
364	61
365	16
366	62
367	32
368	42
369	13
370	21
371	48
372	22
373	15
374	19
375	41
376	22
377	22
378	33
379	42
380	45
381	36
382	37
383	57
384	52
385	41
386	1
387	59
388	24
389	41
390	56
391	32
392	6
393	14
394	12
395	59
396	6
397	15
398	22
399	14
400	13
401	49
402	38
403	43
404	37
405	25
406	30
407	61
408	13
409	6
410	43
411	19
412	22
413	48
414	6
415	58
416	21
417	39
418	43
419	6
420	40
421	15
422	13
423	32
424	41
425	48
426	19
427	22
428	48
429	5
430	13
431	13
432	18
433	6
434	18
435	43
436	34
437	10
438	30
439	13
440	2
441	5
442	19
443	33
444	56
445	32
446	25
447	22
448	31
449	12
450	13
451	29
452	61
453	47
454	34
455	52
456	16
457	2
458	61
459	5
460	62
461	55
462	10
463	22
464	62
465	19
466	48
467	13
468	22
469	14
470	5
471	47
472	16
473	52
474	22
475	19
476	33
477	28
478	19
479	32
480	22
481	51
482	35
483	8
484	15
485	41
486	52
487	1
488	12
489	20
490	45
491	48
492	10
493	32
494	5
495	36
496	54
497	43
498	41
499	21
500	36
501	54
502	65
503	64
504	22
505	37
506	22
507	39
508	4
509	10
510	10
511	30
512	63
513	13
514	69
515	22
516	32
517	15
518	48
519	53
520	5
521	22
522	27
523	48
524	4
525	8
526	39
527	43
528	55
529	8
530	39
531	1
532	6
533	65
534	8
535	22
536	1
537	5
538	16
539	59
540	51
541	2
542	32
543	36
544	63
545	19
546	62
547	62
548	23
549	27
550	1
551	48
552	62
553	23
554	27
555	49
556	9
557	35
558	22
559	51
560	51
561	44
562	41
563	1
564	12
565	48
566	41
567	42
568	5
569	15
570	56
571	2
572	13
573	1
574	38
575	48
576	46
577	10
578	44
579	38
580	1
581	46
582	18
583	8
584	22
585	13
586	54
587	27
588	22
589	48
590	61
591	44
592	25
593	54
594	41
595	44
596	38
597	49
598	49
599	45
600	18
601	46
602	49
603	10
604	22
605	13
606	13
607	29
608	7
609	2
610	51
611	8
612	50
613	50
614	43
615	8
616	4
617	27
618	15
619	69
620	42
621	1
622	52
623	1
624	11
625	24
626	38
627	51
628	27
629	27
630	36
631	18
632	65
633	48
634	27
635	33
636	41
637	69
638	27
639	47
640	29
641	26
642	64
643	43
644	49
645	39
646	8
647	8
648	53
649	55
650	48
651	27
652	16
653	18
654	27
655	10
656	45
657	41
658	8
659	23
660	56
661	25
662	68
663	13
664	10
665	6
666	32
667	50
668	20
669	7
670	19
671	28
672	2
673	59
674	18
675	25
676	16
677	45
678	13
679	1
680	43
681	49
682	2
683	30
684	41
685	41
686	5
687	48
688	44
689	27
690	33
691	25
692	33
693	5
694	35
695	39
696	18
697	30
698	6
699	48
700	41
701	48
702	33
703	41
704	14
705	51
706	49
707	38
708	8
709	49
710	41
711	1
712	6
713	13
714	63
715	32
716	33
717	50
718	13
719	10
720	33
721	10
722	21
723	54
724	13
725	28
726	4
727	27
728	30
729	36
730	33
731	10
732	1
733	16
734	60
735	12
736	11
737	61
738	50
739	25
740	38
741	32
742	18
743	33
744	5
745	3
746	33
747	48
748	21
749	60
750	18
751	69
752	30
753	12
754	13
755	1
756	54
757	39
758	12
759	27
760	50
761	57
762	8
763	13
764	41
765	12
766	1
767	43
768	23
769	12
770	41
771	13
772	54
773	30
774	30
775	28
776	16
777	47
778	48
779	50
780	50
781	5
782	6
783	30
784	1
785	45
786	22
787	10
788	12
789	33
790	3
791	48
792	1
793	41
794	6
795	53
796	22
797	12
798	12
799	48
800	48
801	41
802	51
803	30
804	48
805	29
806	1
807	12
808	11
809	15
810	1
811	6
812	1
813	46
814	22
815	17
816	49
817	20
818	1
819	16
820	4
821	51
822	8
823	13
824	13
825	37
826	12
827	39
828	38
829	20
830	19
831	13
832	1
833	41
834	19
835	48
836	6
837	9
838	28
839	47
840	8
841	29
842	41
843	67
844	15
845	48
846	7
847	22
848	48
849	19
850	30
851	13
852	38
853	1
854	41
855	33
856	58
857	19
858	1
859	51
860	67
861	56
862	48
863	6
864	32
865	30
866	4
867	12
868	15
869	43
870	54
871	33
872	8
873	37
874	19
875	10
876	17
877	47
878	12
879	39
880	23
881	39
882	56
883	46
884	38
885	41
886	42
887	13
888	21
889	33
890	16
891	53
892	69
893	33
894	19
895	18
896	41
897	1
898	16
899	22
900	56
901	34
902	1
903	12
904	41
905	48
906	62
907	16
908	13
909	43
910	2
911	16
912	12
913	15
914	19
915	13
916	45
917	59
918	33
919	22
920	14
921	15
922	22
923	43
924	45
925	11
926	19
927	48
928	1
929	32
930	13
931	2
932	22
933	12
934	11
935	67
936	34
937	67
938	15
939	38
940	61
941	45
942	55
943	13
944	15
945	43
946	60
947	11
948	13
949	30
950	15
951	45
952	41
953	11
954	61
955	10
956	43
957	1
958	15
959	5
960	22
961	1
962	39
963	33
964	13
965	43
966	48
967	32
968	12
969	15
970	39
971	43
972	52
973	48
974	17
975	60
976	49
977	50
978	21
979	41
980	52
981	33
982	41
983	42
984	56
985	53
986	48
987	11
988	11
989	10
990	22
991	12
992	15
993	15
994	5
995	45
996	48
997	17
998	8
999	32
1000	45
1001	4
1002	22
1003	69
1004	39
1005	48
1006	57
1007	69
1008	55
1009	13
1010	8
1011	30
1012	41
1013	66
1014	54
1015	15
1016	45
1017	1
1018	32
1019	67
1020	48
1021	25
1022	27
1023	23
1024	48
1025	53
1026	48
1027	27
1028	32
1029	48
1030	48
1031	2
1032	27
1033	11
1034	39
1035	60
1036	19
1037	10
1038	42
1039	69
1040	8
1041	22
1042	15
1043	1
1044	12
1045	10
1046	29
1047	23
1048	59
1049	7
1050	10
1051	26
1052	6
1053	36
1054	5
1055	13
1056	43
1057	3
1058	15
1059	15
1060	45
1061	24
1062	32
1063	48
1064	41
1065	51
1066	29
1067	31
1068	49
1069	49
1070	51
1071	41
1072	45
1073	62
1074	51
1075	23
1076	16
1077	48
1078	37
1079	21
1080	5
1081	28
1082	1
1083	28
1084	38
1085	10
1086	45
1087	5
1088	42
1089	45
1090	51
1091	1
1092	49
1093	35
1094	19
1095	2
1096	31
1097	27
1098	38
1099	24
1100	6
1101	67
1102	36
1103	46
1104	41
1105	1
1106	1
1107	19
1108	44
1109	10
1110	2
1111	20
1112	27
1113	50
1114	68
1115	49
1116	5
1117	27
1118	44
1119	48
1120	15
1121	41
1122	52
1123	15
1124	50
1125	38
1126	44
1127	48
1128	43
1129	27
1130	27
1131	41
1132	48
1133	45
1134	8
1135	52
1136	48
1137	1
1138	41
1139	49
1140	5
1141	41
1142	35
1143	2
1144	27
1145	34
1146	19
1147	45
1148	10
1149	10
1150	22
1151	10
1152	14
1153	16
1154	42
1155	48
1156	52
1157	41
1158	49
1159	58
1160	34
1161	68
1162	44
1163	5
1164	1
1165	16
1166	41
1167	45
1168	51
1169	42
1170	28
1171	62
1172	51
1173	29
1174	48
1175	44
1176	55
1177	39
1178	13
1179	35
1180	10
1181	35
1182	44
1183	68
1184	68
1185	3
1186	13
1187	50
1188	41
1189	41
1190	21
1191	16
1192	6
1193	1
1194	13
1195	48
1196	46
1197	54
1198	18
1199	38
1200	44
1201	24
1202	10
1203	16
1204	41
1205	27
1206	51
1207	22
1208	6
1209	6
1210	33
1211	5
1212	61
1213	43
1214	48
1215	30
1216	13
1217	61
1218	33
1219	8
1220	24
1221	61
1222	68
1223	49
1224	62
1225	34
1226	6
1227	13
1228	16
1229	42
1230	48
1231	3
1232	33
1233	30
1234	8
1235	63
1236	62
1237	21
1238	50
1239	67
1240	47
1241	16
1242	13
1243	13
1244	30
1245	35
1246	12
1247	10
1248	21
1249	1
1250	48
1251	3
1252	48
1253	21
1254	64
1255	11
1256	50
1257	41
1258	41
1259	1
1260	60
1261	30
1262	12
1263	35
1264	48
1265	48
1266	41
1267	43
1268	44
1269	6
1270	62
1271	15
1272	51
1273	1
1274	36
1275	50
1276	13
1277	7
1278	31
1279	41
1280	30
1281	58
1282	37
1283	63
1284	27
1285	16
1286	23
1287	64
1288	48
1289	52
1290	21
1291	44
1292	36
1293	48
1294	3
1295	27
1296	22
1297	8
1298	25
1299	32
1300	1
1301	56
1302	48
1303	12
1304	60
1305	2
1306	33
1307	13
1308	6
1309	16
1310	13
1311	51
1312	12
1313	1
1314	41
1315	21
1316	4
1317	1
1318	16
1319	48
1320	12
1321	13
1322	61
1323	19
1324	16
1325	13
1326	1
1327	29
1328	30
1329	10
1330	33
1331	48
1332	48
1333	19
1334	15
1335	69
1336	61
1337	63
1338	30
1339	24
1340	30
1341	60
1342	25
1343	1
1344	36
1345	19
1346	13
1347	24
1348	41
1349	42
1350	12
1351	27
1352	16
1353	1
1354	41
1355	13
1356	48
1357	7
1358	60
1359	15
1360	36
1361	2
1362	13
1363	15
1364	19
1365	2
1366	52
1367	33
1368	41
1369	8
1370	29
1371	18
1372	16
1373	12
1374	19
1375	13
1376	13
1377	19
1378	43
1379	64
1380	12
1381	15
1382	52
1383	57
1384	19
1385	13
1386	43
1387	34
1388	13
1389	14
1390	2
1391	41
1392	18
1393	12
1394	32
1395	15
1396	48
1397	15
1398	20
1399	64
1400	12
1401	13
1402	22
1403	50
1404	33
1405	6
1406	50
1407	43
1408	12
1409	43
1410	2
1411	15
1412	16
1413	41
1414	45
1415	41
1416	12
1417	48
1418	22
1419	43
1420	55
1421	15
1422	15
1423	1
1424	41
1425	16
1426	6
1427	32
1428	69
1429	6
1430	6
1431	1
1432	48
1433	6
1434	19
1435	25
1436	19
1437	16
1438	54
1439	22
1440	43
1441	2
1442	33
1443	21
1444	32
1445	15
1446	48
1447	5
1448	22
1449	43
1450	27
1451	2
1452	17
1453	35
1454	48
1455	1
1456	22
1457	69
1458	2
1459	1
1460	26
1461	11
1462	43
1463	22
1464	10
1465	6
1466	33
1467	1
1468	22
1469	39
1470	11
1471	15
1472	13
1473	49
1474	2
1475	32
1476	43
1477	10
1478	43
1479	13
1480	35
1481	48
1482	16
1483	45
1484	1
1485	28
1486	57
1487	41
1488	39
1489	12
1490	5
1491	51
1492	43
1493	2
1494	1
1495	20
1496	33
1497	25
1498	44
1499	40
1500	33
1501	32
1502	60
1503	10
1504	16
1505	13
1506	22
1507	63
1508	48
1509	12
1510	43
1511	60
1512	54
1513	41
1514	33
1515	13
1516	13
1517	39
1518	50
1519	41
1520	15
1521	12
1522	10
1523	39
1524	22
1525	62
1526	66
1527	41
1528	12
1529	41
1530	15
1531	69
1532	57
1533	48
1534	22
1535	26
1536	27
1537	43
1538	46
1539	45
1540	63
1541	39
1542	57
1543	60
1544	37
1545	54
1546	50
1547	36
1548	27
1549	23
1550	35
1551	32
1552	55
1553	1
1554	39
1555	1
1556	19
1557	51
1558	5
1559	51
1560	32
1561	36
1562	27
1563	32
1564	41
1565	22
1566	52
1567	8
1568	41
1569	40
1570	9
1571	10
1572	1
1573	48
1574	27
1575	9
1576	51
1577	32
1578	12
1579	19
1580	27
1581	49
1582	12
1583	68
1584	51
1585	58
1586	1
1587	22
1588	41
1589	39
1590	42
1591	13
1592	45
1593	31
1594	69
1595	15
1596	41
1597	41
1598	39
1599	27
1600	51
1601	43
1602	38
1603	50
1604	38
1605	39
1606	41
1607	41
1608	51
1609	43
1610	49
1611	31
1612	38
1613	2
1614	35
1615	56
1616	5
1617	1
1618	27
1619	26
1620	4
1621	30
1622	45
1623	44
1624	48
1625	34
1626	48
1627	58
1628	17
1629	46
1630	1
1631	34
1632	12
1633	34
1634	51
1635	44
1636	48
1637	50
1638	23
1639	9
1640	48
1641	52
1642	38
1643	54
1644	24
1645	15
1646	50
1647	57
1648	36
1649	14
1650	41
1651	44
1652	41
1653	44
1654	57
1655	32
1656	49
1657	34
1658	44
1659	2
1660	25
1661	8
1662	19
1663	10
1664	48
1665	10
1666	10
1667	41
1668	1
1669	41
1670	57
1671	40
1672	16
1673	10
1674	41
1675	41
1676	52
1677	1
1678	23
1679	55
1680	7
1681	27
1682	59
1683	27
1684	16
1685	55
1686	16
1687	33
1688	1
1689	40
1690	47
1691	13
1692	10
1693	5
1694	57
1695	1
1696	67
1697	1
1698	41
1699	33
1700	28
1701	46
1702	39
1703	48
1704	33
1705	56
1706	30
1707	42
1708	25
1709	8
1710	36
1711	49
1712	60
1713	21
1714	1
1715	13
1716	48
1717	41
1718	33
1719	13
1720	41
1721	49
1722	68
1723	41
1724	51
1725	16
1726	11
1727	30
1728	1
1729	16
1730	11
1731	13
1732	41
1733	1
1734	13
1735	55
1736	6
1737	49
1738	13
1739	13
1740	12
1741	12
1742	55
1743	30
1744	12
1745	51
1746	48
1747	48
1748	41
1749	8
1750	48
1751	22
1752	49
1753	41
1754	54
1755	13
1756	13
1757	60
1758	48
1759	33
1760	41
1761	62
1762	48
1763	35
1764	8
1765	15
1766	16
1767	27
1768	8
1769	1
1770	10
1771	49
1772	48
1773	41
1774	25
1775	51
1776	59
1777	41
1778	60
1779	21
1780	54
1781	30
1782	50
1783	4
1784	13
1785	55
1786	33
1787	9
1788	9
1789	12
1790	60
1791	33
1792	60
1793	1
1794	5
1795	30
1796	25
1797	48
1798	33
1799	22
1800	22
1801	30
1802	10
1803	30
1804	62
1805	1
1806	13
1807	41
1808	48
1809	69
1810	16
1811	48
1812	16
1813	23
1814	59
1815	8
1816	12
1817	56
1818	13
1819	1
1820	12
1821	13
1822	41
1823	39
1824	48
1825	3
1826	50
1827	1
1828	50
1829	49
1830	10
1831	12
1832	11
1833	13
1834	12
1835	6
1836	33
1837	41
1838	1
1839	1
1840	33
1841	68
1842	39
1843	21
1844	51
1845	17
1846	12
1847	33
1848	13
1849	10
1850	30
1851	8
1852	38
1853	46
1854	48
1855	33
1856	56
1857	56
1858	8
1859	48
1860	3
1861	33
1862	27
1863	12
1864	34
1865	33
1866	60
1867	12
1868	5
1869	6
1870	15
1871	34
1872	67
1873	3
1874	56
1875	50
1876	49
1877	48
1878	43
1879	67
1880	2
1881	54
1882	16
1883	32
1884	41
1885	15
1886	43
1887	56
1888	52
1889	20
1890	15
1891	60
1892	58
1893	63
1894	33
1895	12
1896	1
1897	66
1898	12
1899	43
1900	68
1901	15
1902	12
1903	1
1904	45
1905	41
1906	56
1907	36
1908	18
1909	12
1910	33
1911	15
1912	12
1913	28
1914	1
1915	43
1916	15
1917	1
1918	43
1919	47
1920	12
1921	48
1922	1
1923	45
1924	22
1925	30
1926	55
1927	1
1928	55
1929	13
1930	26
1931	43
1932	54
1933	66
1934	52
1935	32
1936	21
1937	54
1938	13
1939	12
1940	22
1941	34
1942	54
1943	13
1944	35
1945	12
1946	15
1947	1
1948	43
1949	2
1950	48
1951	12
1952	11
1953	41
1954	1
1955	15
1956	13
1957	31
1958	31
1959	5
1960	2
1961	61
1962	26
1963	33
1964	38
1965	43
1966	57
1967	15
1968	45
1969	45
1970	67
1971	13
1972	45
1973	39
1974	12
1975	33
1976	12
1977	49
1978	43
1979	10
1980	19
1981	55
1982	39
1983	35
1984	54
1985	10
1986	13
1987	10
1988	10
1989	33
1990	32
1991	2
1992	48
1993	18
1994	13
1995	10
1996	16
1997	39
1998	10
1999	5
2000	22
2001	48
2002	13
2003	22
2004	12
2005	12
2006	43
2007	43
2008	43
2009	30
2010	22
2011	33
2012	23
2013	66
2014	22
2015	14
2016	19
2017	13
2018	8
2019	11
2020	2
2021	11
2022	8
2023	32
2024	4
2025	53
2026	19
2027	22
2028	10
2029	35
2030	23
2031	12
2032	30
2033	14
2034	11
2035	41
2036	22
2037	43
2038	28
2039	8
2040	41
2041	8
2042	45
2043	12
2044	58
2045	10
2046	48
2047	48
2048	24
2049	45
2050	10
2051	32
2052	26
2053	54
2054	44
2055	48
2056	3
2057	22
2058	22
2059	49
2060	54
2061	1
2062	33
2063	43
2064	10
2065	30
2066	1
2067	50
2068	39
2069	19
2070	8
2071	65
2072	51
2073	10
2074	45
2075	15
2076	43
2077	18
2078	53
2079	5
2080	9
2081	1
2082	27
2083	56
2084	48
2085	65
2086	35
2087	51
2088	22
2089	12
2090	23
2091	1
2092	48
2093	1
2094	61
2095	1
2096	15
2097	41
2098	41
2099	27
2100	49
2101	63
2102	58
2103	22
2104	48
2105	38
2106	26
2107	56
2108	22
2109	41
2110	27
2111	48
2112	41
2113	38
2114	1
2115	12
2116	49
2117	1
2118	28
2119	22
2120	4
2121	61
2122	41
2123	1
2124	1
2125	47
2126	48
2127	50
2128	48
2129	2
2130	1
2131	63
2132	45
2133	41
2134	2
2135	41
2136	33
2137	48
2138	48
2139	28
2140	51
2141	27
2142	27
2143	48
2144	19
2145	12
2146	41
2147	18
2148	57
2149	4
2150	8
2151	38
2152	8
2153	38
2154	18
2155	60
2156	49
2157	51
2158	41
2159	51
2160	32
2161	59
2162	4
2163	49
2164	5
2165	1
2166	48
2167	15
2168	41
2169	27
2170	41
2171	51
2172	37
2173	44
2174	50
2175	42
2176	52
2177	39
2178	54
2179	10
2180	44
2181	51
2182	18
2183	2
2184	38
2185	48
2186	22
2187	42
2188	21
2189	47
2190	41
2191	21
2192	49
2193	51
2194	22
2195	48
2196	19
2197	16
2198	19
2199	48
2200	1
2201	69
2202	22
2203	41
2204	43
2205	41
2206	8
2207	44
2208	25
2209	50
2210	13
2211	39
2212	48
2213	24
2214	8
2215	9
2216	60
2217	11
2218	49
2219	6
2220	1
2221	39
2222	33
2223	48
2224	11
2225	60
2226	33
2227	13
2228	35
2229	33
2230	49
2231	21
2232	13
2233	43
2234	8
2235	33
2236	27
2237	25
2238	39
2239	41
2240	6
2241	1
2242	33
2243	13
2244	27
2245	27
2246	25
2247	8
2248	13
2249	1
2250	27
2251	4
2252	33
2253	13
2254	16
2255	1
2256	10
2257	1
2258	41
2259	41
2260	1
2261	1
2262	57
2263	48
2264	1
2265	18
2266	33
2267	6
2268	13
2269	41
2270	50
2271	48
2272	34
2273	44
2274	13
2275	25
2276	51
2277	12
2278	1
2279	1
2280	13
2281	27
2282	23
2283	12
2284	57
2285	8
2286	12
2287	8
2288	25
2289	12
2290	43
2291	1
2292	33
2293	33
2294	2
2295	36
2296	10
2297	41
2298	48
2299	32
2300	33
2301	30
2302	3
2303	41
2304	10
2305	4
2306	48
2307	31
2308	41
2309	41
2310	50
2311	41
2312	41
2313	13
2314	12
2315	51
2316	24
2317	12
2318	13
2319	12
2320	18
2321	38
2322	32
2323	48
2324	40
2325	49
2326	16
2327	10
2328	1
2329	31
2330	35
2331	50
2332	1
2333	13
2334	23
2335	12
2336	41
2337	16
2338	27
2339	8
2340	27
2341	15
2342	13
2343	15
2344	19
2345	61
2346	15
2347	12
2348	60
2349	30
2350	28
2351	33
2352	58
2353	40
2354	13
2355	41
2356	13
2357	69
2358	6
2359	19
2360	8
2361	22
2362	42
2363	48
2364	33
2365	15
2366	20
2367	41
2368	25
2369	15
2370	51
2371	25
2372	65
2373	13
2374	1
2375	30
2376	26
2377	43
2378	1
2379	41
2380	62
2381	61
2382	51
2383	1
2384	61
2385	15
2386	30
2387	22
2388	36
2389	5
2390	14
2391	68
2392	35
2393	19
2394	41
2395	48
2396	9
2397	33
2398	33
2399	47
2400	2
2401	12
2402	43
2403	2
2404	38
2405	41
2406	11
2407	41
2408	48
2409	13
2410	43
2411	66
2412	6
2413	63
2414	48
2415	15
2416	19
2417	48
2418	22
2419	12
2420	46
2421	43
2422	43
2423	12
2424	22
2425	13
2426	33
2427	13
2428	43
2429	33
2430	15
2431	1
2432	16
2433	15
2434	12
2435	12
2436	51
2437	48
2438	39
2439	13
2440	55
2441	33
2442	58
2443	13
2444	43
2445	20
2446	15
2447	17
2448	13
2449	1
2450	48
2451	43
2452	12
2453	19
2454	68
2455	13
2456	43
2457	43
2458	19
2459	43
2460	21
2461	52
2462	12
2463	13
2464	16
2465	15
2466	22
2467	22
2468	44
2469	27
2470	35
2471	32
2472	42
2473	2
2474	48
2475	15
2476	15
2477	2
2478	12
2479	61
2480	6
2481	6
2482	11
2483	1
2484	44
2485	41
2486	18
2487	31
2488	13
2489	33
2490	41
2491	22
2492	10
2493	1
2494	22
2495	13
2496	5
2497	14
2498	19
2499	57
2500	33
2501	30
2502	1
2503	33
2504	13
2505	41
2506	34
2507	12
2508	60
2509	46
2510	14
2511	48
2512	12
2513	43
2514	10
2515	48
2516	33
2517	19
2518	52
2519	4
2520	35
2521	10
2522	10
2523	22
2524	59
2525	43
2526	15
2527	7
2528	13
2529	41
2530	15
2531	19
2532	43
2533	13
2534	43
2535	64
2536	66
2537	8
2538	39
2539	10
2540	18
2541	22
2542	6
2543	33
2544	35
2545	10
2546	8
2547	46
2548	1
2549	33
2550	2
2551	11
2552	15
2553	15
2554	22
2555	23
2556	1
2557	8
2558	9
2559	33
2560	5
2561	12
2562	48
2563	40
2564	47
2565	23
2566	40
2567	62
2568	19
2569	49
2570	27
2571	11
2572	24
2573	15
2574	6
2575	40
2576	12
2577	34
2578	37
2579	51
2580	40
2581	55
2582	5
2583	27
2584	66
2585	10
2586	69
2587	45
2588	29
2589	6
2590	27
2591	29
2592	63
2593	41
2594	27
2595	32
2596	34
2597	51
2598	48
2599	1
2600	1
2601	60
2602	10
2603	29
2604	60
2605	49
2606	19
2607	9
2608	26
2609	29
2610	19
2611	27
2612	1
2613	41
2614	2
2615	39
2616	44
2617	41
2618	44
2619	41
2620	1
2621	44
2622	25
2623	48
2624	31
2625	51
2626	48
2627	48
2628	2
2629	38
2630	15
2631	40
2632	10
2633	41
2634	46
2635	32
2636	49
2637	23
2638	15
2639	49
2640	31
2641	54
2642	17
2643	8
2644	48
2645	18
2646	63
2647	44
2648	54
2649	49
2650	44
2651	67
2652	10
2653	1
2654	32
2655	39
2656	48
2657	1
2658	50
2659	51
2660	48
2661	22
2662	17
2663	51
2664	41
2665	1
2666	39
2667	48
2668	32
2669	1
2670	45
2671	41
2672	10
2673	27
2674	66
2675	49
2676	54
2677	51
2678	33
2679	50
2680	33
2681	28
2682	63
2683	59
2684	57
2685	9
2686	23
2687	64
2688	42
2689	1
2690	14
2691	10
2692	48
2693	62
2694	16
2695	41
2696	25
2697	40
2698	17
2699	55
2700	5
2701	16
2702	59
2703	21
2704	1
2705	26
2706	21
2707	56
2708	48
2709	35
2710	44
2711	8
2712	49
2713	8
2714	33
2715	10
2716	8
2717	41
2718	16
2719	13
2720	7
2721	16
2722	39
2723	6
2724	31
2725	13
2726	33
2727	33
2728	1
2729	22
2730	33
2731	22
2732	1
2733	57
2734	61
2735	48
2736	13
2737	51
2738	51
2739	42
2740	58
2741	62
2742	48
2743	18
2744	41
2745	16
2746	30
2747	41
2748	41
2749	35
2750	33
2751	44
2752	67
2753	8
2754	4
2755	10
2756	54
2757	44
2758	49
2759	12
2760	51
2761	33
2762	16
2763	18
2764	1
2765	33
2766	49
2767	49
2768	54
2769	11
2770	16
2771	16
2772	14
2773	50
2774	41
2775	11
2776	63
2777	13
2778	13
2779	6
2780	2
2781	17
2782	33
2783	14
2784	18
2785	10
2786	12
2787	44
2788	60
2789	1
2790	49
2791	41
2792	21
2793	12
2794	33
2795	12
2796	13
2797	33
2798	13
2799	33
2800	4
2801	41
2802	27
2803	48
2804	41
2805	1
2806	33
2807	2
2808	3
2809	48
2810	16
2811	41
2812	1
2813	32
2814	41
2815	1
2816	8
2817	44
2818	49
2819	12
2820	33
2821	9
2822	22
2823	10
2824	12
2825	51
2826	43
2827	8
2828	7
2829	50
2830	21
2831	33
2832	13
2833	13
2834	33
2835	48
2836	11
2837	23
2838	6
2839	26
2840	33
2841	29
2842	12
2843	3
2844	13
2845	11
2846	48
2847	12
2848	33
2849	15
2850	49
2851	16
2852	15
2853	16
2854	51
2855	44
2856	16
2857	41
2858	1
2859	33
2860	15
2861	42
2862	28
2863	13
2864	12
2865	51
2866	48
2867	41
2868	65
2869	8
2870	41
2871	12
2872	1
2873	51
2874	51
2875	40
2876	50
2877	8
2878	10
2879	12
2880	63
2881	13
2882	17
2883	44
2884	12
2885	13
2886	27
2887	28
2888	60
2889	16
2890	6
2891	10
2892	48
2893	41
2894	42
2895	2
2896	33
2897	13
2898	3
2899	15
2900	15
2901	54
2902	12
2903	54
2904	16
2905	15
2906	30
2907	56
2908	48
2909	54
2910	1
2911	28
2912	6
2913	1
2914	33
2915	15
2916	31
2917	18
2918	53
2919	48
2920	33
2921	1
2922	68
2923	34
2924	4
2925	15
2926	7
2927	15
2928	43
2929	33
2930	21
2931	12
2932	21
2933	45
2934	13
2935	51
2936	6
2937	12
2938	41
2939	41
2940	22
2941	41
2942	15
2943	17
2944	33
2945	11
2946	39
2947	19
2948	60
2949	43
2950	32
2951	13
2952	7
2953	22
2954	12
2955	45
2956	22
2957	6
2958	12
2959	35
2960	7
2961	11
2962	15
2963	2
2964	25
2965	42
2966	56
2967	32
2968	65
2969	12
2970	48
2971	12
2972	35
2973	33
2974	22
2975	32
2976	5
2977	7
2978	31
2979	13
2980	7
2981	33
2982	65
2983	33
2984	33
2985	41
2986	65
2987	41
2988	10
2989	5
2990	43
2991	43
2992	13
2993	10
2994	22
2995	1
2996	10
2997	2
2998	30
2999	10
3000	5
3001	57
3002	43
3003	14
3004	39
3005	19
3006	1
3007	30
3008	41
3009	43
3010	41
3011	15
3012	54
3013	1
3014	54
3015	63
3016	13
3017	12
3018	43
3019	6
3020	17
3021	32
3022	30
3023	30
3024	35
3025	33
3026	1
3027	53
3028	5
3029	28
3030	1
3031	2
3032	22
3033	41
3034	60
3035	22
3036	38
3037	5
3038	21
3039	15
3040	8
3041	35
3042	41
3043	49
3044	43
3045	15
3046	43
3047	10
3048	48
3049	5
3050	8
3051	53
3052	1
3053	13
3054	8
3055	15
3056	4
3057	10
3058	12
3059	37
3060	12
3061	33
3062	15
3063	22
3064	1
3065	12
3066	12
3067	27
3068	8
3069	1
3070	13
3071	2
3072	8
3073	43
3074	25
3075	21
3076	62
3077	64
3078	36
3079	43
3080	7
3081	15
3082	22
3083	27
3084	11
3085	39
3086	32
3087	7
3088	15
3089	34
3090	53
3091	48
3092	27
3093	8
3094	4
3095	48
3096	4
3097	10
3098	1
3099	54
3100	58
3101	15
3102	32
3103	41
3104	10
3105	27
3106	41
3107	68
3108	32
3109	8
3110	48
3111	64
3112	2
3113	6
3114	41
3115	51
3116	41
3117	12
3118	48
3119	42
3120	3
3121	22
3122	27
3123	8
3124	32
3125	63
3126	45
3127	13
3128	58
3129	48
3130	48
3131	46
3132	49
3133	45
3134	2
3135	50
3136	51
3137	30
3138	13
3139	10
3140	49
3141	41
3142	1
3143	48
3144	27
3145	27
3146	29
3147	3
3148	23
3149	41
3150	1
3151	27
3152	41
3153	65
3154	27
3155	48
3156	53
3157	39
3158	56
3159	47
3160	49
3161	60
3162	48
3163	1
3164	54
3165	2
3166	7
3167	54
3168	27
3169	1
3170	45
3171	15
3172	48
3173	48
3174	49
3175	27
3176	69
3177	51
3178	8
3179	32
3180	1
3181	41
3182	48
3183	1
3184	39
3185	15
3186	5
3187	66
3188	69
3189	18
3190	43
3191	41
3192	51
3193	5
3194	8
3195	1
3196	1
3197	24
3198	54
3199	32
3200	25
3201	41
3202	9
3203	25
3204	12
3205	54
3206	59
3207	41
3208	15
3209	44
3210	49
3211	27
3212	41
3213	50
3214	48
3215	41
3216	27
3217	50
3218	1
3219	38
3220	18
3221	55
3222	21
3223	8
3224	16
3225	6
3226	30
3227	49
3228	31
3229	25
3230	40
3231	8
3232	41
3233	21
3234	27
3235	5
3236	7
3237	13
3238	51
3239	22
3240	21
3241	3
3242	6
3243	15
3244	41
3245	40
3246	16
3247	33
3248	1
3249	48
3250	41
3251	33
3252	13
3253	13
3254	10
3255	33
3256	25
3257	1
3258	48
3259	25
3260	1
3261	55
3262	49
3263	10
3264	30
3265	60
3266	13
3267	10
3268	11
3269	28
3270	41
3271	16
3272	41
3273	54
3274	59
3275	16
3276	8
3277	29
3278	1
3279	49
3280	1
3281	48
3282	8
3283	54
3284	21
3285	1
3286	51
3287	48
3288	49
3289	33
3290	49
3291	41
3292	12
3293	6
3294	6
3295	46
3296	41
3297	8
3298	25
3299	36
3300	33
3301	5
3302	34
3303	1
3304	41
3305	33
3306	11
3307	7
3308	34
3309	43
3310	33
3311	57
3312	61
3313	12
3314	6
3315	41
3316	63
3317	30
3318	48
3319	2
3320	51
3321	12
3322	48
3323	41
3324	35
3325	36
3326	48
3327	33
3328	33
3329	41
3330	33
3331	1
3332	24
3333	3
3334	41
3335	27
3336	27
3337	11
3338	30
3339	33
3340	41
3341	50
3342	48
3343	13
3344	51
3345	21
3346	13
3347	6
3348	36
3349	40
3350	5
3351	13
3352	41
3353	51
3354	33
3355	13
3356	61
3357	49
3358	4
3359	25
3360	33
3361	1
3362	15
3363	25
3364	40
3365	8
3366	12
3367	48
3368	48
3369	48
3370	51
3371	66
3372	40
3373	12
3374	12
3375	30
3376	12
3377	19
3378	59
3379	15
3380	48
3381	16
3382	15
3383	28
3384	16
3385	1
3386	63
3387	12
3388	24
3389	12
3390	15
3391	46
3392	48
3393	13
3394	55
3395	49
3396	41
3397	12
3398	6
3399	12
3400	63
3401	19
3402	1
3403	48
3404	1
3405	1
3406	13
3407	51
3408	49
3409	43
3410	33
3411	9
3412	51
3413	14
3414	37
3415	50
3416	47
3417	43
3418	30
3419	12
3420	41
3421	12
3422	27
3423	12
3424	1
3425	43
3426	33
3427	61
3428	13
3429	15
3430	18
3431	41
3432	57
3433	1
3434	1
3435	15
3436	20
3437	3
3438	43
3439	33
3440	48
3441	13
3442	33
3443	15
3444	43
3445	19
3446	50
3447	49
3448	62
3449	12
3450	50
3451	19
3452	46
3453	52
3454	52
3455	32
3456	45
3457	37
3458	64
3459	2
3460	48
3461	41
3462	22
3463	43
3464	48
3465	23
3466	33
3467	39
3468	43
3469	43
3470	66
3471	13
3472	6
3473	66
3474	13
3475	35
3476	1
3477	13
3478	26
3479	1
3480	7
3481	18
3482	13
3483	68
3484	19
3485	28
3486	48
3487	49
3488	13
3489	49
3490	9
3491	35
3492	24
3493	35
3494	7
3495	12
3496	35
3497	43
3498	12
3499	58
3500	41
3501	33
3502	18
3503	10
3504	43
3505	13
3506	2
3507	1
3508	5
3509	15
3510	22
3511	35
3512	43
3513	1
3514	13
3515	41
3516	15
3517	55
3518	43
3519	13
3520	60
3521	26
3522	6
3523	68
3524	19
3525	15
3526	13
3527	5
3528	60
3529	43
3530	12
3531	12
3532	41
3533	4
3534	1
3535	1
3536	19
3537	10
3538	57
3539	12
3540	15
3541	21
3542	7
3543	22
3544	4
3545	33
3546	22
3547	48
3548	12
3549	10
3550	10
3551	68
3552	30
3553	5
3554	13
3555	5
3556	7
3557	2
3558	30
3559	63
3560	17
3561	13
3562	3
3563	10
3564	60
3565	20
3566	64
3567	10
3568	8
3569	62
3570	42
3571	30
3572	11
3573	30
3574	22
3575	20
3576	15
3577	31
3578	10
3579	13
3580	17
3581	64
3582	49
3583	27
3584	60
3585	66
3586	3
3587	57
3588	3
3589	22
3590	22
3591	15
3592	46
3593	36
3594	10
3595	8
3596	12
3597	32
3598	3
3599	39
3600	32
3601	9
3602	12
3603	69
3604	15
3605	2
3606	45
3607	15
3608	8
3609	10
3610	63
3611	42
3612	27
3613	28
3614	23
3615	41
3616	2
3617	52
3618	15
3619	22
3620	1
3621	21
3622	10
3623	1
3624	43
3625	67
3626	42
3627	32
3628	19
3629	39
3630	12
3631	27
3632	51
3633	48
3634	49
3635	49
3636	56
3637	19
3638	1
3639	10
3640	48
3641	43
3642	41
3643	1
3644	8
3645	9
3646	5
3647	39
3648	1
3649	1
3650	41
3651	17
3652	26
3653	22
3654	68
3655	41
3656	22
3657	39
3658	49
3659	51
3660	41
3661	43
3662	5
3663	44
3664	15
3665	15
3666	50
3667	17
3668	38
3669	4
3670	54
3671	6
3672	1
3673	8
3674	1
3675	46
3676	15
3677	43
3678	45
3679	1
3680	33
3681	42
3682	8
3683	48
3684	56
3685	27
3686	41
3687	48
3688	1
3689	66
3690	27
3691	51
3692	24
3693	47
3694	8
3695	12
3696	51
3697	34
3698	48
3699	10
3700	18
3701	24
3702	34
3703	39
3704	1
3705	41
3706	19
3707	8
3708	41
3709	43
3710	28
3711	48
3712	12
3713	42
3714	18
3715	10
3716	2
3717	7
3718	44
3719	32
3720	64
3721	1
3722	47
3723	21
3724	41
3725	52
3726	58
3727	16
3728	49
3729	49
3730	27
3731	6
3732	1
3733	4
3734	22
3735	21
3736	1
3737	62
3738	41
3739	27
3740	49
3741	1
3742	33
3743	49
3744	18
3745	49
3746	28
3747	33
3748	18
3749	13
3750	44
3751	6
3752	21
3753	1
3754	35
3755	64
3756	51
3757	44
3758	30
3759	8
3760	13
3761	1
3762	18
3763	1
3764	13
3765	65
3766	39
3767	21
3768	41
3769	16
3770	48
3771	41
3772	35
3773	41
3774	6
3775	14
3776	41
3777	35
3778	8
3779	16
3780	48
3781	10
3782	46
3783	1
3784	1
3785	16
3786	4
3787	22
3788	12
3789	7
3790	13
3791	48
3792	48
3793	50
3794	51
3795	37
3796	50
3797	5
3798	49
3799	12
3800	39
3801	43
3802	30
3803	48
3804	46
3805	48
3806	48
3807	48
3808	48
3809	33
3810	12
3811	49
3812	12
3813	20
3814	41
3815	23
3816	12
3817	27
3818	30
3819	37
3820	41
3821	2
3822	13
3823	33
3824	14
3825	13
3826	38
3827	23
3828	27
3829	25
3830	61
3831	43
3832	37
3833	36
3834	30
3835	48
3836	48
3837	30
3838	53
3839	41
3840	32
3841	67
3842	33
3843	48
3844	33
3845	16
3846	27
3847	16
3848	55
3849	40
3850	48
3851	41
3852	30
3853	41
3854	3
3855	48
3856	42
3857	60
3858	12
3859	48
3860	4
3861	69
3862	23
3863	30
3864	41
3865	6
3866	12
3867	48
3868	44
3869	44
3870	33
3871	12
3872	1
3873	28
3874	1
3875	1
3876	27
3877	15
3878	33
3879	43
3880	12
3881	13
3882	19
3883	49
3884	67
3885	13
3886	48
3887	4
3888	21
3889	36
3890	37
3891	65
3892	33
3893	41
3894	43
3895	30
3896	30
3897	40
3898	33
3899	33
3900	57
3901	24
3902	15
3903	28
3904	33
3905	33
3906	12
3907	33
3908	11
3909	12
3910	1
3911	15
3912	54
3913	15
3914	6
3915	30
3916	15
3917	33
3918	10
3919	46
3920	12
3921	48
3922	48
3923	3
3924	43
3925	56
3926	16
3927	48
3928	50
3929	56
3930	12
3931	14
3932	32
3933	41
3934	13
3935	43
3936	1
3937	15
3938	35
3939	19
3940	33
3941	33
3942	57
3943	12
3944	44
3945	33
3946	21
3947	45
3948	12
3949	41
3950	28
3951	48
3952	7
3953	43
3954	30
3955	41
3956	56
3957	1
3958	14
3959	43
3960	45
3961	13
3962	15
3963	48
3964	18
3965	15
3966	50
3967	62
3968	33
3969	12
3970	39
3971	2
3972	12
3973	46
3974	69
3975	19
3976	22
3977	1
3978	20
3979	60
3980	6
3981	38
3982	19
3983	16
3984	53
3985	33
3986	32
3987	31
3988	28
3989	20
3990	48
3991	1
3992	25
3993	28
3994	18
3995	22
3996	19
3997	51
3998	19
3999	13
4000	13
4001	12
4002	58
4003	48
4004	15
4005	68
4006	49
4007	33
4008	12
4009	10
4010	15
4011	43
4012	65
4013	5
4014	32
4015	32
4016	33
4017	19
4018	60
4019	48
4020	33
4021	48
4022	15
4023	10
4024	15
4025	55
4026	10
4027	48
4028	48
4029	43
4030	12
4031	1
4032	6
4033	48
4034	48
4035	33
4036	45
4037	13
4038	38
4039	41
4040	55
4041	48
4042	33
4043	15
4044	33
4045	1
4046	43
4047	2
4048	39
4049	41
4050	22
4051	41
4052	10
4053	61
4054	10
4055	14
4056	23
4057	36
4058	43
4059	51
4060	41
4061	33
4062	22
4063	12
4064	41
4065	33
4066	1
4067	15
4068	50
4069	21
4070	48
4071	33
4072	45
4073	1
4074	41
4075	13
4076	15
4077	33
4078	4
4079	8
4080	15
4081	33
4082	12
4083	48
4084	2
4085	22
4086	22
4087	39
4088	45
4089	59
4090	33
4091	49
4092	10
4093	58
4094	1
4095	58
4096	1
4097	18
4098	45
4099	27
4100	3
4101	36
4102	59
4103	38
4104	22
4105	15
4106	36
4107	8
4108	30
4109	48
4110	64
4111	30
4112	27
4113	1
4114	48
4115	5
4116	56
4117	1
4118	40
4119	51
4120	51
4121	43
4122	65
4123	1
4124	57
4125	68
4126	48
4127	10
4128	43
4129	65
4130	65
4131	50
4132	27
4133	1
4134	39
4135	48
4136	2
4137	19
4138	47
4139	15
4140	6
4141	22
4142	42
4143	48
4144	49
4145	4
4146	49
4147	33
4148	45
4149	63
4150	26
4151	45
4152	48
4153	22
4154	39
4155	48
4156	41
4157	44
4158	8
4159	1
4160	19
4161	8
4162	61
4163	48
4164	30
4165	43
4166	22
4167	8
4168	21
4169	21
4170	43
4171	13
4172	10
4173	1
4174	67
4175	41
4176	22
4177	33
4178	44
4179	8
4180	7
4181	67
4182	1
4183	32
4184	13
4185	48
4186	19
4187	13
4188	12
4189	48
4190	49
4191	1
4192	36
4193	44
4194	32
4195	22
4196	69
4197	2
4198	10
4199	21
4200	41
4201	31
4202	4
4203	38
4204	34
4205	13
4206	48
4207	45
4208	1
4209	39
4210	19
4211	49
4212	45
4213	1
4214	38
4215	43
4216	59
4217	10
4218	65
4219	14
4220	48
4221	69
4222	5
4223	18
4224	16
4225	16
4226	49
4227	42
4228	53
4229	38
4230	57
4231	51
4232	15
4233	60
4234	57
4235	41
4236	49
4237	48
4238	35
4239	35
4240	32
4241	48
4242	21
4243	59
4244	48
4245	51
4246	66
4247	33
4248	10
4249	18
4250	48
4251	38
4252	41
4253	1
4254	33
4255	7
4256	51
4257	1
4258	58
4259	69
4260	34
4261	68
4262	6
4263	32
4264	30
4265	5
4266	49
4267	25
4268	57
4269	38
4270	13
4271	55
4272	34
4273	16
4274	25
4275	10
4276	68
4277	13
4278	49
4279	40
4280	33
4281	6
4282	6
4283	39
4284	10
4285	9
4286	1
4287	13
4288	16
4289	48
4290	35
4291	33
4292	33
4293	1
4294	18
4295	48
4296	33
4297	49
4298	30
4299	41
4300	35
4301	61
4302	12
4303	49
4304	61
4305	47
4306	5
4307	4
4308	34
4309	15
4310	26
4311	27
4312	10
4313	7
4314	1
4315	44
4316	30
4317	1
4318	48
4319	3
4320	60
4321	33
4322	63
4323	29
4324	41
4325	20
4326	49
4327	12
4328	61
4329	18
4330	12
4331	13
4332	33
4333	45
4334	24
4335	12
4336	12
4337	13
4338	8
4339	48
4340	8
4341	11
4342	51
4343	35
4344	12
4345	23
4346	1
4347	34
4348	41
4349	33
4350	1
4351	57
4352	1
4353	12
4354	39
4355	16
4356	54
4357	6
4358	48
4359	47
4360	30
4361	60
4362	50
4363	41
4364	60
4365	43
4366	29
4367	11
4368	33
4369	41
4370	51
4371	33
4372	13
4373	16
4374	41
4375	1
4376	26
4377	65
4378	48
4379	33
4380	64
4381	33
4382	9
4383	48
4384	41
4385	41
4386	16
4387	1
4388	13
4389	48
4390	49
4391	12
4392	13
4393	33
4394	29
4395	1
4396	17
4397	33
4398	40
4399	1
4400	16
4401	48
4402	19
4403	42
4404	15
4405	48
4406	48
4407	13
4408	4
4409	42
4410	38
4411	23
4412	25
4413	31
4414	12
4415	13
4416	38
4417	33
4418	48
4419	41
4420	45
4421	66
4422	41
4423	15
4424	63
4425	15
4426	19
4427	41
4428	43
4429	14
4430	48
4431	36
4432	33
4433	41
4434	8
4435	16
4436	33
4437	44
4438	48
4439	21
4440	15
4441	32
4442	13
4443	63
4444	12
4445	18
4446	64
4447	38
4448	2
4449	12
4450	9
4451	66
4452	48
4453	38
4454	13
4455	40
4456	1
4457	9
4458	2
4459	33
4460	15
4461	48
4462	15
4463	18
4464	15
4465	43
4466	41
4467	41
4468	49
4469	13
4470	45
4471	45
4472	41
4473	43
4474	13
4475	22
4476	6
4477	22
4478	62
4479	13
4480	48
4481	13
4482	16
4483	41
4484	51
4485	22
4486	51
4487	41
4488	15
4489	12
4490	43
4491	22
4492	33
4493	22
4494	14
4495	50
4496	45
4497	36
4498	39
4499	41
4500	55
4501	43
4502	39
4503	15
4504	35
4505	37
4506	13
4507	15
4508	22
4509	48
4510	43
4511	22
4512	63
4513	60
4514	48
4515	19
4516	29
4517	48
4518	12
4519	67
4520	33
4521	48
4522	1
4523	15
4524	1
4525	19
4526	45
4527	10
4528	15
4529	23
4530	13
4531	33
4532	48
4533	35
4534	41
4535	67
4536	15
4537	12
4538	11
4539	38
4540	29
4541	2
4542	9
4543	6
4544	2
4545	12
4546	13
4547	43
4548	30
4549	12
4550	15
4551	12
4552	38
4553	48
4554	49
4555	43
4556	49
4557	32
4558	17
4559	39
4560	41
4561	43
4562	19
4563	47
4564	45
4565	48
4566	62
4567	2
4568	30
4569	39
4570	33
4571	10
4572	6
4573	10
4574	11
4575	33
4576	23
4577	1
4578	39
4579	13
4580	22
4581	34
4582	43
4583	3
4584	4
4585	19
4586	1
4587	12
4588	22
4589	43
4590	30
4591	12
4592	63
4593	13
4594	61
4595	33
4596	32
4597	41
4598	19
4599	8
4600	32
4601	1
4602	16
4603	62
4604	22
4605	22
4606	35
4607	15
4608	12
4609	48
4610	3
4611	22
4612	32
4613	23
4614	62
4615	48
4616	15
4617	60
4618	56
4619	58
4620	22
4621	2
4622	12
4623	1
4624	48
4625	68
4626	43
4627	40
4628	63
4629	69
4630	51
4631	15
4632	48
4633	26
4634	48
4635	1
4636	41
4637	8
4638	54
4639	41
4640	54
4641	9
4642	48
4643	42
4644	18
4645	41
4646	8
4647	19
4648	48
4649	48
4650	23
4651	57
4652	23
4653	41
4654	8
4655	1
4656	27
4657	32
4658	41
4659	1
4660	12
4661	48
4662	1
4663	1
4664	54
4665	1
4666	12
4667	49
4668	55
4669	55
4670	49
4671	49
4672	48
4673	50
4674	45
4675	52
4676	5
4677	38
4678	42
4679	28
4680	6
4681	48
4682	44
4683	49
4684	51
4685	5
4686	54
4687	48
4688	6
4689	32
4690	45
4691	11
4692	41
4693	48
4694	50
4695	5
4696	11
4697	20
4698	18
4699	53
4700	50
4701	57
4702	33
4703	32
4704	1
4705	17
4706	5
4707	8
4708	10
4709	54
4710	51
4711	48
4712	41
4713	49
4714	1
4715	1
4716	56
4717	2
4718	41
4719	28
4720	44
4721	48
4722	19
4723	62
4724	27
4725	57
4726	51
4727	44
4728	7
4729	51
4730	50
4731	34
4732	53
4733	50
4734	1
4735	15
4736	48
4737	45
4738	27
4739	34
4740	11
4741	32
4742	38
4743	34
4744	48
4745	48
4746	1
4747	26
4748	21
4749	47
4750	62
4751	41
4752	60
4753	51
4754	35
4755	62
4756	30
4757	6
4758	35
4759	41
4760	5
4761	48
4762	29
4763	41
4764	30
4765	41
4766	56
4767	33
4768	1
4769	58
4770	26
4771	16
4772	32
4773	30
4774	15
4775	35
4776	21
4777	33
4778	48
4779	1
4780	14
4781	26
4782	43
4783	1
4784	13
4785	41
4786	51
4787	62
4788	1
4789	52
4790	1
4791	13
4792	48
4793	13
4794	41
4795	27
4796	45
4797	50
4798	51
4799	60
4800	33
4801	41
4802	24
4803	13
4804	44
4805	43
4806	63
4807	12
4808	6
4809	38
4810	12
4811	61
4812	48
4813	10
4814	55
4815	21
4816	1
4817	38
4818	65
4819	51
4820	1
4821	8
4822	33
4823	51
4824	1
4825	25
4826	17
4827	1
4828	30
4829	10
4830	48
4831	47
4832	12
4833	12
4834	6
4835	30
4836	57
4837	33
4838	4
4839	60
4840	1
4841	8
4842	31
4843	10
4844	8
4845	8
4846	41
4847	25
4848	4
4849	15
4850	16
4851	54
4852	59
4853	1
4854	66
4855	1
4856	16
4857	39
4858	10
4859	1
4860	5
4861	41
4862	51
4863	27
4864	44
4865	1
4866	13
4867	12
4868	48
4869	4
4870	9
4871	34
4872	13
4873	9
4874	41
4875	50
4876	58
4877	41
4878	12
4879	13
4880	33
4881	64
4882	13
4883	1
4884	13
4885	41
4886	41
4887	23
4888	27
4889	33
4890	33
4891	13
4892	5
4893	12
4894	4
4895	16
4896	43
4897	44
4898	33
4899	11
4900	30
4901	15
4902	16
4903	13
4904	40
4905	59
4906	51
4907	61
4908	33
4909	41
4910	33
4911	12
4912	43
4913	19
4914	31
4915	48
4916	23
4917	15
4918	6
4919	30
4920	31
4921	41
4922	53
4923	46
4924	41
4925	45
4926	46
4927	61
4928	10
4929	33
4930	15
4931	48
4932	21
4933	6
4934	3
4935	1
4936	33
4937	1
4938	48
4939	51
4940	15
4941	15
4942	8
4943	13
4944	56
4945	43
4946	24
4947	60
4948	15
4949	52
4950	52
4951	43
4952	41
4953	15
4954	55
4955	52
4956	26
4957	13
4958	15
4959	21
4960	43
4961	38
4962	41
4963	48
4964	33
4965	43
4966	43
4967	12
4968	52
4969	16
4970	33
4971	1
4972	48
4973	41
4974	43
4975	27
4976	54
4977	44
4978	32
4979	15
4980	15
4981	48
4982	38
4983	33
4984	48
4985	36
4986	66
4987	48
4988	38
4989	25
4990	2
4991	43
4992	50
4993	33
4994	41
4995	33
4996	41
4997	48
4998	22
4999	8
5000	53
