1	1
2	2
3	3
4	4
5	5
6	6
7	7
8	3
9	8
10	3
11	9
12	10
13	11
14	11
15	12
16	13
17	9
18	14
19	15
20	16
21	17
22	3
23	8
24	18
25	19
26	4
27	19
28	6
29	20
30	6
31	21
32	16
33	5
34	2
35	11
36	11
37	21
38	22
39	20
40	4
41	11
42	18
43	15
44	23
45	24
46	11
47	18
48	13
49	12
50	25
51	8
52	20
53	22
54	22
55	3
56	15
57	5
58	26
59	22
60	27
61	21
62	28
63	15
64	29
65	3
66	12
67	21
68	27
69	11
70	17
71	30
72	31
73	23
74	16
75	27
76	16
77	9
78	1
79	13
80	13
81	17
82	31
83	5
84	5
85	20
86	20
87	13
88	5
89	32
90	17
91	22
92	5
93	21
94	1
95	30
96	26
97	2
98	25
99	21
100	15
101	14
102	10
103	5
104	28
105	6
106	6
107	24
108	3
109	29
110	8
111	15
112	19
113	26
114	14
115	20
116	30
117	27
118	21
119	1
120	4
121	11
122	27
123	21
124	20
125	19
126	17
127	15
128	4
129	19
130	17
131	26
132	8
133	12
134	17
135	32
136	8
137	15
138	17
139	20
140	8
141	24
142	24
143	19
144	14
145	1
146	26
147	8
148	14
149	18
150	16
151	5
152	5
153	23
154	16
155	29
156	26
157	21
158	7
159	2
160	5
161	17
162	27
163	14
164	13
165	17
166	26
167	20
168	26
169	6
170	23
171	2
172	14
173	2
174	29
175	32
176	16
177	7
178	16
179	14
180	18
181	16
182	27
183	33
184	15
185	8
186	3
187	19
188	16
189	26
190	30
191	23
192	25
193	17
194	2
195	33
196	5
197	31
198	5
199	3
200	4
201	17
202	27
203	26
204	26
205	26
206	17
207	11
208	17
209	1
210	8
211	27
212	29
213	17
214	27
215	32
216	17
217	21
218	32
219	27
220	3
221	32
222	17
223	32
224	11
225	15
226	15
227	8
228	3
229	30
230	32
231	17
232	5
233	27
234	21
235	11
236	3
237	8
238	17
239	11
240	29
241	19
242	27
243	3
244	14
245	16
246	3
247	10
248	3
249	16
250	26
251	17
252	17
253	15
254	11
255	1
256	13
257	14
258	15
259	33
260	15
261	30
262	30
263	19
264	17
265	4
266	6
267	33
268	29
269	19
270	17
271	16
272	15
273	33
274	18
275	3
276	16
277	17
278	17
279	14
280	3
281	26
282	3
283	26
284	18
285	11
286	3
287	3
288	17
289	11
290	2
291	8
292	16
293	9
294	8
295	3
296	18
297	11
298	11
299	32
300	2
301	3
302	27
303	17
304	26
305	26
306	2
307	8
308	7
309	11
310	3
311	4
312	8
313	28
314	15
315	2
316	17
317	27
318	1
319	2
320	27
321	12
322	8
323	27
324	26
325	10
326	11
327	21
328	27
329	27
330	11
331	8
332	3
333	26
334	15
335	2
336	31
337	31
338	5
339	17
340	3
341	15
342	21
343	3
344	11
345	2
346	10
347	27
348	31
349	9
350	8
351	2
352	32
353	24
354	32
355	15
356	5
357	17
358	14
359	30
360	26
361	15
362	27
363	27
364	6
365	8
366	11
367	3
368	6
369	32
370	21
371	17
372	8
373	9
374	3
375	27
376	20
377	33
378	32
379	25
380	11
381	11
382	6
383	27
384	8
385	17
386	17
387	17
388	13
389	17
390	27
391	17
392	27
393	8
394	8
395	27
396	8
397	2
398	16
399	17
400	19
401	17
402	3
403	27
404	11
405	29
406	18
407	27
408	8
409	8
410	26
411	26
412	14
413	4
414	3
415	8
416	23
417	22
418	2
419	27
420	8
421	8
422	8
423	5
424	8
425	27
426	11
427	15
428	17
429	11
430	16
431	7
432	3
433	12
434	4
435	22
436	17
437	2
438	11
439	17
440	27
441	27
442	11
443	24
444	15
445	3
446	27
447	21
448	17
449	17
450	15
451	21
452	17
453	8
454	24
455	8
456	31
457	22
458	4
459	8
460	11
461	12
462	17
463	27
464	27
465	32
466	11
467	11
468	10
469	4
470	3
471	3
472	26
473	8
474	3
475	27
476	17
477	4
478	21
479	4
480	8
481	5
482	15
483	3
484	30
485	24
486	27
487	2
488	19
489	15
490	15
491	26
492	3
493	27
494	7
495	4
496	11
497	11
498	19
499	14
500	8
501	17
502	4
503	3
504	3
505	32
506	19
507	3
508	17
509	19
510	15
511	25
512	15
513	22
514	14
515	14
516	8
517	21
518	30
519	30
520	24
521	27
522	21
523	30
524	27
525	17
526	32
527	31
528	17
529	8
530	14
531	8
532	28
533	10
534	27
535	6
536	20
537	14
538	21
539	19
540	9
541	11
542	17
543	17
544	8
545	21
546	33
547	8
548	14
549	14
550	17
551	8
552	16
553	20
554	18
555	22
556	7
557	8
558	27
559	17
560	8
561	16
562	23
563	22
564	28
565	22
566	17
567	17
568	16
569	15
570	27
571	18
572	8
573	25
574	17
575	33
576	23
577	21
578	8
579	15
580	30
581	10
582	27
583	1
584	17
585	15
586	5
587	31
588	8
589	12
590	31
591	30
592	15
593	27
594	27
595	8
596	5
597	13
598	17
599	5
600	21
601	17
602	15
603	11
604	6
605	6
606	15
607	29
608	27
609	17
610	16
611	6
612	17
613	32
614	5
615	27
616	27
617	5
618	17
619	29
620	15
621	27
622	11
623	26
624	13
625	8
626	15
627	30
628	27
629	29
630	1
631	17
632	17
633	31
634	31
635	15
636	8
637	17
638	6
639	5
640	27
641	7
642	26
643	4
644	20
645	17
646	23
647	17
648	17
649	6
650	4
651	4
652	27
653	8
654	27
655	22
656	23
657	28
658	14
659	13
660	20
661	19
662	20
663	22
664	8
665	27
666	27
667	2
668	3
669	17
670	8
671	17
672	20
673	8
674	18
675	10
676	27
677	3
678	16
679	5
680	19
681	8
682	8
683	8
684	23
685	10
686	2
687	23
688	9
689	17
690	15
691	14
692	15
693	8
694	17
695	15
696	27
697	4
698	17
699	27
700	8
701	27
702	30
703	21
704	21
705	3
706	15
707	27
708	15
709	8
710	8
711	3
712	24
713	5
714	8
715	11
716	3
717	22
718	33
719	15
720	32
721	16
722	32
723	3
724	30
725	3
726	3
727	4
728	11
729	4
730	8
731	6
732	32
733	4
734	29
735	4
736	8
737	11
738	4
739	30
740	27
741	27
742	19
743	31
744	14
745	27
746	2
747	6
748	11
749	27
750	11
751	27
752	13
753	19
754	8
755	3
756	19
757	11
758	28
759	24
760	27
761	31
762	27
763	7
764	3
765	8
766	11
767	32
768	32
769	22
770	28
771	3
772	17
773	27
774	8
775	6
776	22
777	11
778	3
779	24
780	1
781	8
782	8
783	2
784	20
785	16
786	3
787	31
788	18
789	3
790	2
791	11
792	17
793	11
794	32
795	23
796	17
797	17
798	8
799	2
800	27
801	14
802	6
803	3
804	18
805	23
806	17
807	27
808	8
809	27
810	27
811	23
812	28
813	8
814	13
815	3
816	3
817	4
818	17
819	8
820	15
821	23
822	11
823	8
824	18
825	32
826	4
827	27
828	28
829	17
830	5
831	3
832	27
833	26
834	27
835	11
836	22
837	9
838	17
839	3
840	23
841	27
842	15
843	11
844	11
845	15
846	3
847	21
848	15
849	29
850	11
851	5
852	11
853	27
854	3
855	27
856	13
857	8
858	17
859	27
860	13
861	27
862	11
863	11
864	4
865	3
866	27
867	17
868	3
869	21
870	15
871	21
872	31
873	15
874	28
875	11
876	2
877	15
878	27
879	11
880	32
881	30
882	15
883	9
884	8
885	27
886	33
887	5
888	33
889	8
890	15
891	4
892	15
893	9
894	12
895	6
896	10
897	27
898	4
899	4
900	21
901	19
902	27
903	3
904	17
905	27
906	21
907	26
908	19
909	26
910	27
911	27
912	22
913	8
914	11
915	32
916	2
917	11
918	8
919	2
920	27
921	11
922	3
923	8
924	27
925	27
926	27
927	5
928	2
929	5
930	5
931	11
932	25
933	8
934	8
935	3
936	20
937	3
938	3
939	4
940	25
941	8
942	11
943	15
944	15
945	2
946	15
947	11
948	8
949	16
950	15
951	15
952	25
953	11
954	9
955	16
956	8
957	9
958	26
959	27
960	30
961	3
962	27
963	3
964	26
965	31
966	27
967	18
968	27
969	11
970	11
971	4
972	7
973	17
974	30
975	4
976	4
977	29
978	2
979	22
980	11
981	4
982	11
983	4
984	3
985	8
986	33
987	10
988	3
989	3
990	27
991	8
992	24
993	25
994	3
995	17
996	33
997	19
998	4
999	25
1000	13
